out/0000000011h.asc
ncols 11
nrows 101
xllcorner -0.5
yllcorner -0.5
cellsize 1.0
nodata_value -3.40282346639e+38
-3.40282346639e+38	-3.40282346639e+38	-3.40282346639e+38	-3.40282346639e+38	-3.40282346639e+38	-3.40282346639e+38	-3.40282346639e+38	-3.40282346639e+38	-3.40282346639e+38	-3.40282346639e+38	-3.40282346639e+38	
-3.40282346639e+38	-3.40282346639e+38	-3.40282346639e+38	-3.40282346639e+38	-3.40282346639e+38	-3.40282346639e+38	-3.40282346639e+38	-3.40282346639e+38	-3.40282346639e+38	-3.40282346639e+38	-3.40282346639e+38	
-3.40282346639e+38	0.000103384422958	0.000103384422958	0.000103384422958	0.000103384422958	0.000103384422958	0.000103384422958	0.000103384422958	0.000103384422958	-3.40282346639e+38	-3.40282346639e+38	
-3.40282346639e+38	0.000103436770289	0.000103436770289	0.000103436770289	0.000103436770289	0.000103436770289	0.000103436770289	0.000103436770289	0.000103436770289	-3.40282346639e+38	-3.40282346639e+38	
-3.40282346639e+38	0.000103438009433	0.000103438009433	0.000103438009433	0.000103438009433	0.000103438009433	0.000103438009433	0.000103438009433	0.000103438009433	-3.40282346639e+38	-3.40282346639e+38	
-3.40282346639e+38	0.000103438053224	0.000103438053224	0.000103438053224	0.000103438053224	0.000103438053224	0.000103438053224	0.000103438053224	0.000103438053224	-3.40282346639e+38	-3.40282346639e+38	
-3.40282346639e+38	0.000103438070852	0.000103438070852	0.000103438070852	0.000103438070852	0.000103438070852	0.000103438070852	0.000103438070852	0.000103438070852	-3.40282346639e+38	-3.40282346639e+38	
-3.40282346639e+38	0.000103438085607	0.000103438085607	0.000103438085607	0.000103438085607	0.000103438085607	0.000103438085607	0.000103438085607	0.000103438085607	-3.40282346639e+38	-3.40282346639e+38	
-3.40282346639e+38	0.000103438098224	0.000103438098224	0.000103438098224	0.000103438098224	0.000103438098224	0.000103438098224	0.000103438098224	0.000103438098224	-3.40282346639e+38	-3.40282346639e+38	
-3.40282346639e+38	0.000103438109008	0.000103438109008	0.000103438109008	0.000103438109008	0.000103438109008	0.000103438109008	0.000103438109008	0.000103438109008	-3.40282346639e+38	-3.40282346639e+38	
-3.40282346639e+38	0.000103438118218	0.000103438118218	0.000103438118218	0.000103438118218	0.000103438118218	0.000103438118218	0.000103438118218	0.000103438118218	-3.40282346639e+38	-3.40282346639e+38	
-3.40282346639e+38	0.000103438126079	0.000103438126079	0.000103438126079	0.000103438126079	0.000103438126079	0.000103438126079	0.000103438126079	0.000103438126079	-3.40282346639e+38	-3.40282346639e+38	
-3.40282346639e+38	0.000103438132787	0.000103438132787	0.000103438132787	0.000103438132787	0.000103438132787	0.000103438132787	0.000103438132787	0.000103438132787	-3.40282346639e+38	-3.40282346639e+38	
-3.40282346639e+38	0.000103438138508	0.000103438138508	0.000103438138508	0.000103438138508	0.000103438138508	0.000103438138508	0.000103438138508	0.000103438138508	-3.40282346639e+38	-3.40282346639e+38	
-3.40282346639e+38	0.000103438143386	0.000103438143386	0.000103438143386	0.000103438143386	0.000103438143386	0.000103438143386	0.000103438143386	0.000103438143386	-3.40282346639e+38	-3.40282346639e+38	
-3.40282346639e+38	0.000103438147546	0.000103438147546	0.000103438147546	0.000103438147546	0.000103438147546	0.000103438147546	0.000103438147546	0.000103438147546	-3.40282346639e+38	-3.40282346639e+38	
-3.40282346639e+38	0.000103438151091	0.000103438151091	0.000103438151091	0.000103438151091	0.000103438151091	0.000103438151091	0.000103438151091	0.000103438151091	-3.40282346639e+38	-3.40282346639e+38	
-3.40282346639e+38	0.000103438154114	0.000103438154114	0.000103438154114	0.000103438154114	0.000103438154114	0.000103438154114	0.000103438154114	0.000103438154114	-3.40282346639e+38	-3.40282346639e+38	
-3.40282346639e+38	0.000103438156692	0.000103438156692	0.000103438156692	0.000103438156692	0.000103438156692	0.000103438156692	0.000103438156692	0.000103438156692	-3.40282346639e+38	-3.40282346639e+38	
-3.40282346639e+38	0.000103438158889	0.000103438158889	0.000103438158889	0.000103438158889	0.000103438158889	0.000103438158889	0.000103438158889	0.000103438158889	-3.40282346639e+38	-3.40282346639e+38	
-3.40282346639e+38	0.000103438160763	0.000103438160763	0.000103438160763	0.000103438160763	0.000103438160763	0.000103438160763	0.000103438160763	0.000103438160763	-3.40282346639e+38	-3.40282346639e+38	
-3.40282346639e+38	0.000103438162361	0.000103438162361	0.000103438162361	0.000103438162361	0.000103438162361	0.000103438162361	0.000103438162361	0.000103438162361	-3.40282346639e+38	-3.40282346639e+38	
-3.40282346639e+38	0.000103438163725	0.000103438163725	0.000103438163725	0.000103438163725	0.000103438163725	0.000103438163725	0.000103438163725	0.000103438163725	-3.40282346639e+38	-3.40282346639e+38	
-3.40282346639e+38	0.000103438164888	0.000103438164888	0.000103438164888	0.000103438164888	0.000103438164888	0.000103438164888	0.000103438164888	0.000103438164888	-3.40282346639e+38	-3.40282346639e+38	
-3.40282346639e+38	0.000103438165882	0.000103438165882	0.000103438165882	0.000103438165882	0.000103438165882	0.000103438165882	0.000103438165882	0.000103438165882	-3.40282346639e+38	-3.40282346639e+38	
-3.40282346639e+38	0.00010343816673	0.00010343816673	0.00010343816673	0.00010343816673	0.00010343816673	0.00010343816673	0.00010343816673	0.00010343816673	-3.40282346639e+38	-3.40282346639e+38	
-3.40282346639e+38	0.000103438167454	0.000103438167454	0.000103438167454	0.000103438167454	0.000103438167454	0.000103438167454	0.000103438167454	0.000103438167454	-3.40282346639e+38	-3.40282346639e+38	
-3.40282346639e+38	0.000103438168073	0.000103438168073	0.000103438168073	0.000103438168073	0.000103438168073	0.000103438168073	0.000103438168073	0.000103438168073	-3.40282346639e+38	-3.40282346639e+38	
-3.40282346639e+38	0.000103438168602	0.000103438168602	0.000103438168602	0.000103438168602	0.000103438168602	0.000103438168602	0.000103438168602	0.000103438168602	-3.40282346639e+38	-3.40282346639e+38	
-3.40282346639e+38	0.000103438169054	0.000103438169054	0.000103438169054	0.000103438169054	0.000103438169054	0.000103438169054	0.000103438169054	0.000103438169054	-3.40282346639e+38	-3.40282346639e+38	
-3.40282346639e+38	0.000103438169441	0.000103438169441	0.000103438169441	0.000103438169441	0.000103438169441	0.000103438169441	0.000103438169441	0.000103438169441	-3.40282346639e+38	-3.40282346639e+38	
-3.40282346639e+38	0.000103438169773	0.000103438169773	0.000103438169773	0.000103438169773	0.000103438169773	0.000103438169773	0.000103438169773	0.000103438169773	-3.40282346639e+38	-3.40282346639e+38	
-3.40282346639e+38	0.000103438170056	0.000103438170056	0.000103438170056	0.000103438170056	0.000103438170056	0.000103438170056	0.000103438170056	0.000103438170056	-3.40282346639e+38	-3.40282346639e+38	
-3.40282346639e+38	0.000103438170299	0.000103438170299	0.000103438170299	0.000103438170299	0.000103438170299	0.000103438170299	0.000103438170299	0.000103438170299	-3.40282346639e+38	-3.40282346639e+38	
-3.40282346639e+38	0.000103438170507	0.000103438170507	0.000103438170507	0.000103438170507	0.000103438170507	0.000103438170507	0.000103438170507	0.000103438170507	-3.40282346639e+38	-3.40282346639e+38	
-3.40282346639e+38	0.000103438170685	0.000103438170685	0.000103438170685	0.000103438170685	0.000103438170685	0.000103438170685	0.000103438170685	0.000103438170685	-3.40282346639e+38	-3.40282346639e+38	
-3.40282346639e+38	0.000103438170838	0.000103438170838	0.000103438170838	0.000103438170838	0.000103438170838	0.000103438170838	0.000103438170838	0.000103438170838	-3.40282346639e+38	-3.40282346639e+38	
-3.40282346639e+38	0.000103438170969	0.000103438170969	0.000103438170969	0.000103438170969	0.000103438170969	0.000103438170969	0.000103438170969	0.000103438170969	-3.40282346639e+38	-3.40282346639e+38	
-3.40282346639e+38	0.000103438171082	0.000103438171082	0.000103438171082	0.000103438171082	0.000103438171082	0.000103438171082	0.000103438171082	0.000103438171082	-3.40282346639e+38	-3.40282346639e+38	
-3.40282346639e+38	0.000103438171179	0.000103438171179	0.000103438171179	0.000103438171179	0.000103438171179	0.000103438171179	0.000103438171179	0.000103438171179	-3.40282346639e+38	-3.40282346639e+38	
-3.40282346639e+38	0.000103438171262	0.000103438171262	0.000103438171262	0.000103438171262	0.000103438171262	0.000103438171262	0.000103438171262	0.000103438171262	-3.40282346639e+38	-3.40282346639e+38	
-3.40282346639e+38	0.000103438171333	0.000103438171333	0.000103438171333	0.000103438171333	0.000103438171333	0.000103438171333	0.000103438171333	0.000103438171333	-3.40282346639e+38	-3.40282346639e+38	
-3.40282346639e+38	0.000103438171395	0.000103438171395	0.000103438171395	0.000103438171395	0.000103438171395	0.000103438171395	0.000103438171395	0.000103438171395	-3.40282346639e+38	-3.40282346639e+38	
-3.40282346639e+38	0.000103438171447	0.000103438171447	0.000103438171447	0.000103438171447	0.000103438171447	0.000103438171447	0.000103438171447	0.000103438171447	-3.40282346639e+38	-3.40282346639e+38	
-3.40282346639e+38	0.000103438171493	0.000103438171493	0.000103438171493	0.000103438171493	0.000103438171493	0.000103438171493	0.000103438171493	0.000103438171493	-3.40282346639e+38	-3.40282346639e+38	
-3.40282346639e+38	0.000103438171532	0.000103438171532	0.000103438171532	0.000103438171532	0.000103438171532	0.000103438171532	0.000103438171532	0.000103438171532	-3.40282346639e+38	-3.40282346639e+38	
-3.40282346639e+38	0.000103438171566	0.000103438171566	0.000103438171566	0.000103438171566	0.000103438171566	0.000103438171566	0.000103438171566	0.000103438171566	-3.40282346639e+38	-3.40282346639e+38	
-3.40282346639e+38	0.000103438171595	0.000103438171595	0.000103438171595	0.000103438171595	0.000103438171595	0.000103438171595	0.000103438171595	0.000103438171595	-3.40282346639e+38	-3.40282346639e+38	
-3.40282346639e+38	0.00010343817162	0.00010343817162	0.00010343817162	0.00010343817162	0.00010343817162	0.00010343817162	0.00010343817162	0.00010343817162	-3.40282346639e+38	-3.40282346639e+38	
-3.40282346639e+38	0.000103438171642	0.000103438171642	0.000103438171642	0.000103438171642	0.000103438171642	0.000103438171642	0.000103438171642	0.000103438171642	-3.40282346639e+38	-3.40282346639e+38	
-3.40282346639e+38	0.000103438171661	0.000103438171661	0.000103438171661	0.000103438171661	0.000103438171661	0.000103438171661	0.000103438171661	0.000103438171661	-3.40282346639e+38	-3.40282346639e+38	
-3.40282346639e+38	0.000103438171677	0.000103438171677	0.000103438171677	0.000103438171677	0.000103438171677	0.000103438171677	0.000103438171677	0.000103438171677	-3.40282346639e+38	-3.40282346639e+38	
-3.40282346639e+38	0.000103438171691	0.000103438171691	0.000103438171691	0.000103438171691	0.000103438171691	0.000103438171691	0.000103438171691	0.000103438171691	-3.40282346639e+38	-3.40282346639e+38	
-3.40282346639e+38	0.000103438171703	0.000103438171703	0.000103438171703	0.000103438171703	0.000103438171703	0.000103438171703	0.000103438171703	0.000103438171703	-3.40282346639e+38	-3.40282346639e+38	
-3.40282346639e+38	0.000103438171713	0.000103438171713	0.000103438171713	0.000103438171713	0.000103438171713	0.000103438171713	0.000103438171713	0.000103438171713	-3.40282346639e+38	-3.40282346639e+38	
-3.40282346639e+38	0.000103438171722	0.000103438171722	0.000103438171722	0.000103438171722	0.000103438171722	0.000103438171722	0.000103438171722	0.000103438171722	-3.40282346639e+38	-3.40282346639e+38	
-3.40282346639e+38	0.00010343817173	0.00010343817173	0.00010343817173	0.00010343817173	0.00010343817173	0.00010343817173	0.00010343817173	0.00010343817173	-3.40282346639e+38	-3.40282346639e+38	
-3.40282346639e+38	0.000103438171737	0.000103438171737	0.000103438171737	0.000103438171737	0.000103438171737	0.000103438171737	0.000103438171737	0.000103438171737	-3.40282346639e+38	-3.40282346639e+38	
-3.40282346639e+38	0.000103438171743	0.000103438171743	0.000103438171743	0.000103438171743	0.000103438171743	0.000103438171743	0.000103438171743	0.000103438171743	-3.40282346639e+38	-3.40282346639e+38	
-3.40282346639e+38	0.000103438171748	0.000103438171748	0.000103438171748	0.000103438171748	0.000103438171748	0.000103438171748	0.000103438171748	0.000103438171748	-3.40282346639e+38	-3.40282346639e+38	
-3.40282346639e+38	0.000103438171753	0.000103438171753	0.000103438171753	0.000103438171753	0.000103438171753	0.000103438171753	0.000103438171753	0.000103438171753	-3.40282346639e+38	-3.40282346639e+38	
-3.40282346639e+38	0.000103438171757	0.000103438171757	0.000103438171757	0.000103438171757	0.000103438171757	0.000103438171757	0.000103438171757	0.000103438171757	-3.40282346639e+38	-3.40282346639e+38	
-3.40282346639e+38	0.00010343817176	0.00010343817176	0.00010343817176	0.00010343817176	0.00010343817176	0.00010343817176	0.00010343817176	0.00010343817176	-3.40282346639e+38	-3.40282346639e+38	
-3.40282346639e+38	0.000103438171763	0.000103438171763	0.000103438171763	0.000103438171763	0.000103438171763	0.000103438171763	0.000103438171763	0.000103438171763	-3.40282346639e+38	-3.40282346639e+38	
-3.40282346639e+38	0.000103438171765	0.000103438171765	0.000103438171765	0.000103438171765	0.000103438171765	0.000103438171765	0.000103438171765	0.000103438171765	-3.40282346639e+38	-3.40282346639e+38	
-3.40282346639e+38	0.000103438171768	0.000103438171768	0.000103438171768	0.000103438171768	0.000103438171768	0.000103438171768	0.000103438171768	0.000103438171768	-3.40282346639e+38	-3.40282346639e+38	
-3.40282346639e+38	0.00010343817177	0.00010343817177	0.00010343817177	0.00010343817177	0.00010343817177	0.00010343817177	0.00010343817177	0.00010343817177	-3.40282346639e+38	-3.40282346639e+38	
-3.40282346639e+38	0.000103438171771	0.000103438171771	0.000103438171771	0.000103438171771	0.000103438171771	0.000103438171771	0.000103438171771	0.000103438171771	-3.40282346639e+38	-3.40282346639e+38	
-3.40282346639e+38	0.000103438171773	0.000103438171773	0.000103438171773	0.000103438171773	0.000103438171773	0.000103438171773	0.000103438171773	0.000103438171773	-3.40282346639e+38	-3.40282346639e+38	
-3.40282346639e+38	0.000103438171774	0.000103438171774	0.000103438171774	0.000103438171774	0.000103438171774	0.000103438171774	0.000103438171774	0.000103438171774	-3.40282346639e+38	-3.40282346639e+38	
-3.40282346639e+38	0.000103438171775	0.000103438171775	0.000103438171775	0.000103438171775	0.000103438171775	0.000103438171775	0.000103438171775	0.000103438171775	-3.40282346639e+38	-3.40282346639e+38	
-3.40282346639e+38	0.000103438171776	0.000103438171776	0.000103438171776	0.000103438171776	0.000103438171776	0.000103438171776	0.000103438171776	0.000103438171776	-3.40282346639e+38	-3.40282346639e+38	
-3.40282346639e+38	0.000103438171777	0.000103438171777	0.000103438171777	0.000103438171777	0.000103438171777	0.000103438171777	0.000103438171777	0.000103438171777	-3.40282346639e+38	-3.40282346639e+38	
-3.40282346639e+38	0.000103438171778	0.000103438171778	0.000103438171778	0.000103438171778	0.000103438171778	0.000103438171778	0.000103438171778	0.000103438171778	-3.40282346639e+38	-3.40282346639e+38	
-3.40282346639e+38	0.000103438171778	0.000103438171778	0.000103438171778	0.000103438171778	0.000103438171778	0.000103438171778	0.000103438171778	0.000103438171778	-3.40282346639e+38	-3.40282346639e+38	
-3.40282346639e+38	0.000103438171779	0.000103438171779	0.000103438171779	0.000103438171779	0.000103438171779	0.000103438171779	0.000103438171779	0.000103438171779	-3.40282346639e+38	-3.40282346639e+38	
-3.40282346639e+38	0.00010343817178	0.00010343817178	0.00010343817178	0.00010343817178	0.00010343817178	0.00010343817178	0.00010343817178	0.00010343817178	-3.40282346639e+38	-3.40282346639e+38	
-3.40282346639e+38	0.00010343817178	0.00010343817178	0.00010343817178	0.00010343817178	0.00010343817178	0.00010343817178	0.00010343817178	0.00010343817178	-3.40282346639e+38	-3.40282346639e+38	
-3.40282346639e+38	0.00010343817178	0.00010343817178	0.00010343817178	0.00010343817178	0.00010343817178	0.00010343817178	0.00010343817178	0.00010343817178	-3.40282346639e+38	-3.40282346639e+38	
-3.40282346639e+38	0.000103438171781	0.000103438171781	0.000103438171781	0.000103438171781	0.000103438171781	0.000103438171781	0.000103438171781	0.000103438171781	-3.40282346639e+38	-3.40282346639e+38	
-3.40282346639e+38	0.000103438171781	0.000103438171781	0.000103438171781	0.000103438171781	0.000103438171781	0.000103438171781	0.000103438171781	0.000103438171781	-3.40282346639e+38	-3.40282346639e+38	
-3.40282346639e+38	0.000103438171781	0.000103438171781	0.000103438171781	0.000103438171781	0.000103438171781	0.000103438171781	0.000103438171781	0.000103438171781	-3.40282346639e+38	-3.40282346639e+38	
-3.40282346639e+38	0.000103438171782	0.000103438171782	0.000103438171782	0.000103438171782	0.000103438171782	0.000103438171782	0.000103438171782	0.000103438171782	-3.40282346639e+38	-3.40282346639e+38	
-3.40282346639e+38	0.000103438171782	0.000103438171782	0.000103438171782	0.000103438171782	0.000103438171782	0.000103438171782	0.000103438171782	0.000103438171782	-3.40282346639e+38	-3.40282346639e+38	
-3.40282346639e+38	0.000103438171782	0.000103438171782	0.000103438171782	0.000103438171782	0.000103438171782	0.000103438171782	0.000103438171782	0.000103438171782	-3.40282346639e+38	-3.40282346639e+38	
-3.40282346639e+38	0.000103438171782	0.000103438171782	0.000103438171782	0.000103438171782	0.000103438171782	0.000103438171782	0.000103438171782	0.000103438171782	-3.40282346639e+38	-3.40282346639e+38	
-3.40282346639e+38	0.000103438171782	0.000103438171782	0.000103438171782	0.000103438171782	0.000103438171782	0.000103438171782	0.000103438171782	0.000103438171782	-3.40282346639e+38	-3.40282346639e+38	
-3.40282346639e+38	0.000103438171782	0.000103438171782	0.000103438171782	0.000103438171782	0.000103438171782	0.000103438171782	0.000103438171782	0.000103438171782	-3.40282346639e+38	-3.40282346639e+38	
-3.40282346639e+38	0.000103438171782	0.000103438171782	0.000103438171782	0.000103438171782	0.000103438171782	0.000103438171782	0.000103438171782	0.000103438171782	-3.40282346639e+38	-3.40282346639e+38	
-3.40282346639e+38	0.000103438171783	0.000103438171783	0.000103438171783	0.000103438171783	0.000103438171783	0.000103438171783	0.000103438171783	0.000103438171783	-3.40282346639e+38	-3.40282346639e+38	
-3.40282346639e+38	0.000103438171783	0.000103438171783	0.000103438171783	0.000103438171783	0.000103438171783	0.000103438171783	0.000103438171783	0.000103438171783	-3.40282346639e+38	-3.40282346639e+38	
-3.40282346639e+38	0.000103438171783	0.000103438171783	0.000103438171783	0.000103438171783	0.000103438171783	0.000103438171783	0.000103438171783	0.000103438171783	-3.40282346639e+38	-3.40282346639e+38	
-3.40282346639e+38	0.000103438171783	0.000103438171783	0.000103438171783	0.000103438171783	0.000103438171783	0.000103438171783	0.000103438171783	0.000103438171783	-3.40282346639e+38	-3.40282346639e+38	
-3.40282346639e+38	0.000103438171783	0.000103438171783	0.000103438171783	0.000103438171783	0.000103438171783	0.000103438171783	0.000103438171783	0.000103438171783	-3.40282346639e+38	-3.40282346639e+38	
-3.40282346639e+38	0.000103438171783	0.000103438171783	0.000103438171783	0.000103438171783	0.000103438171783	0.000103438171783	0.000103438171783	0.000103438171783	-3.40282346639e+38	-3.40282346639e+38	
-3.40282346639e+38	0.000103438171783	0.000103438171783	0.000103438171783	0.000103438171783	0.000103438171783	0.000103438171783	0.000103438171783	0.000103438171783	-3.40282346639e+38	-3.40282346639e+38	
-3.40282346639e+38	0.000103438171783	0.000103438171783	0.000103438171783	0.000103438171783	0.000103438171783	0.000103438171783	0.000103438171783	0.000103438171783	-3.40282346639e+38	-3.40282346639e+38	
-3.40282346639e+38	0.000103438171783	0.000103438171783	0.000103438171783	0.000103438171783	0.000103438171783	0.000103438171783	0.000103438171783	0.000103438171783	-3.40282346639e+38	-3.40282346639e+38	
-3.40282346639e+38	0.000103438171783	0.000103438171783	0.000103438171783	0.000103438171783	0.000103438171783	0.000103438171783	0.000103438171783	0.000103438171783	-3.40282346639e+38	-3.40282346639e+38	
-3.40282346639e+38	0.000103438171783	0.000103438171783	0.000103438171783	0.000103438171783	0.000103438171783	0.000103438171783	0.000103438171783	0.000103438171783	-3.40282346639e+38	-3.40282346639e+38	
-3.40282346639e+38	-3.40282346639e+38	-3.40282346639e+38	-3.40282346639e+38	-3.40282346639e+38	-3.40282346639e+38	-3.40282346639e+38	-3.40282346639e+38	-3.40282346639e+38	-3.40282346639e+38	-3.40282346639e+38	
