out/0000000049h.asc
ncols 11
nrows 101
xllcorner -0.5
yllcorner -0.5
cellsize 1.0
nodata_value -3.40282346639e+38
-3.40282346639e+38	-3.40282346639e+38	-3.40282346639e+38	-3.40282346639e+38	-3.40282346639e+38	-3.40282346639e+38	-3.40282346639e+38	-3.40282346639e+38	-3.40282346639e+38	-3.40282346639e+38	-3.40282346639e+38	
-3.40282346639e+38	-3.40282346639e+38	-3.40282346639e+38	-3.40282346639e+38	-3.40282346639e+38	-3.40282346639e+38	-3.40282346639e+38	-3.40282346639e+38	-3.40282346639e+38	-3.40282346639e+38	-3.40282346639e+38	
-3.40282346639e+38	0.000493027642486	0.000493027642486	0.000493027642486	0.000493027642486	0.000493027642486	0.000493027642486	0.000493027642486	0.000493027642486	-3.40282346639e+38	-3.40282346639e+38	
-3.40282346639e+38	0.0005149593396	0.0005149593396	0.0005149593396	0.0005149593396	0.0005149593396	0.0005149593396	0.0005149593396	0.0005149593396	-3.40282346639e+38	-3.40282346639e+38	
-3.40282346639e+38	0.000520563856352	0.000520563856352	0.000520563856352	0.000520563856352	0.000520563856352	0.000520563856352	0.000520563856352	0.000520563856352	-3.40282346639e+38	-3.40282346639e+38	
-3.40282346639e+38	0.000521755132503	0.000521755132503	0.000521755132503	0.000521755132503	0.000521755132503	0.000521755132503	0.000521755132503	0.000521755132503	-3.40282346639e+38	-3.40282346639e+38	
-3.40282346639e+38	0.000521971026469	0.000521971026469	0.000521971026469	0.000521971026469	0.000521971026469	0.000521971026469	0.000521971026469	0.000521971026469	-3.40282346639e+38	-3.40282346639e+38	
-3.40282346639e+38	0.000522005235762	0.000522005235762	0.000522005235762	0.000522005235762	0.000522005235762	0.000522005235762	0.000522005235762	0.000522005235762	-3.40282346639e+38	-3.40282346639e+38	
-3.40282346639e+38	0.000522010081354	0.000522010081354	0.000522010081354	0.000522010081354	0.000522010081354	0.000522010081354	0.000522010081354	0.000522010081354	-3.40282346639e+38	-3.40282346639e+38	
-3.40282346639e+38	0.000522010712532	0.000522010712532	0.000522010712532	0.000522010712532	0.000522010712532	0.000522010712532	0.000522010712532	0.000522010712532	-3.40282346639e+38	-3.40282346639e+38	
-3.40282346639e+38	0.00052201079595	0.00052201079595	0.00052201079595	0.00052201079595	0.00052201079595	0.00052201079595	0.00052201079595	0.00052201079595	-3.40282346639e+38	-3.40282346639e+38	
-3.40282346639e+38	0.000522010813015	0.000522010813015	0.000522010813015	0.000522010813015	0.000522010813015	0.000522010813015	0.000522010813015	0.000522010813015	-3.40282346639e+38	-3.40282346639e+38	
-3.40282346639e+38	0.000522010821629	0.000522010821629	0.000522010821629	0.000522010821629	0.000522010821629	0.000522010821629	0.000522010821629	0.000522010821629	-3.40282346639e+38	-3.40282346639e+38	
-3.40282346639e+38	0.000522010828369	0.000522010828369	0.000522010828369	0.000522010828369	0.000522010828369	0.000522010828369	0.000522010828369	0.000522010828369	-3.40282346639e+38	-3.40282346639e+38	
-3.40282346639e+38	0.000522010834062	0.000522010834062	0.000522010834062	0.000522010834062	0.000522010834062	0.000522010834062	0.000522010834062	0.000522010834062	-3.40282346639e+38	-3.40282346639e+38	
-3.40282346639e+38	0.000522010838913	0.000522010838913	0.000522010838913	0.000522010838913	0.000522010838913	0.000522010838913	0.000522010838913	0.000522010838913	-3.40282346639e+38	-3.40282346639e+38	
-3.40282346639e+38	0.00052201084305	0.00052201084305	0.00052201084305	0.00052201084305	0.00052201084305	0.00052201084305	0.00052201084305	0.00052201084305	-3.40282346639e+38	-3.40282346639e+38	
-3.40282346639e+38	0.000522010846579	0.000522010846579	0.000522010846579	0.000522010846579	0.000522010846579	0.000522010846579	0.000522010846579	0.000522010846579	-3.40282346639e+38	-3.40282346639e+38	
-3.40282346639e+38	0.000522010849589	0.000522010849589	0.000522010849589	0.000522010849589	0.000522010849589	0.000522010849589	0.000522010849589	0.000522010849589	-3.40282346639e+38	-3.40282346639e+38	
-3.40282346639e+38	0.000522010852156	0.000522010852156	0.000522010852156	0.000522010852156	0.000522010852156	0.000522010852156	0.000522010852156	0.000522010852156	-3.40282346639e+38	-3.40282346639e+38	
-3.40282346639e+38	0.000522010854346	0.000522010854346	0.000522010854346	0.000522010854346	0.000522010854346	0.000522010854346	0.000522010854346	0.000522010854346	-3.40282346639e+38	-3.40282346639e+38	
-3.40282346639e+38	0.000522010856214	0.000522010856214	0.000522010856214	0.000522010856214	0.000522010856214	0.000522010856214	0.000522010856214	0.000522010856214	-3.40282346639e+38	-3.40282346639e+38	
-3.40282346639e+38	0.000522010857808	0.000522010857808	0.000522010857808	0.000522010857808	0.000522010857808	0.000522010857808	0.000522010857808	0.000522010857808	-3.40282346639e+38	-3.40282346639e+38	
-3.40282346639e+38	0.000522010859169	0.000522010859169	0.000522010859169	0.000522010859169	0.000522010859169	0.000522010859169	0.000522010859169	0.000522010859169	-3.40282346639e+38	-3.40282346639e+38	
-3.40282346639e+38	0.00052201086033	0.00052201086033	0.00052201086033	0.00052201086033	0.00052201086033	0.00052201086033	0.00052201086033	0.00052201086033	-3.40282346639e+38	-3.40282346639e+38	
-3.40282346639e+38	0.000522010861322	0.000522010861322	0.000522010861322	0.000522010861322	0.000522010861322	0.000522010861322	0.000522010861322	0.000522010861322	-3.40282346639e+38	-3.40282346639e+38	
-3.40282346639e+38	0.00052201086217	0.00052201086217	0.00052201086217	0.00052201086217	0.00052201086217	0.00052201086217	0.00052201086217	0.00052201086217	-3.40282346639e+38	-3.40282346639e+38	
-3.40282346639e+38	0.000522010862894	0.000522010862894	0.000522010862894	0.000522010862894	0.000522010862894	0.000522010862894	0.000522010862894	0.000522010862894	-3.40282346639e+38	-3.40282346639e+38	
-3.40282346639e+38	0.000522010863513	0.000522010863513	0.000522010863513	0.000522010863513	0.000522010863513	0.000522010863513	0.000522010863513	0.000522010863513	-3.40282346639e+38	-3.40282346639e+38	
-3.40282346639e+38	0.000522010864042	0.000522010864042	0.000522010864042	0.000522010864042	0.000522010864042	0.000522010864042	0.000522010864042	0.000522010864042	-3.40282346639e+38	-3.40282346639e+38	
-3.40282346639e+38	0.000522010864495	0.000522010864495	0.000522010864495	0.000522010864495	0.000522010864495	0.000522010864495	0.000522010864495	0.000522010864495	-3.40282346639e+38	-3.40282346639e+38	
-3.40282346639e+38	0.000522010864883	0.000522010864883	0.000522010864883	0.000522010864883	0.000522010864883	0.000522010864883	0.000522010864883	0.000522010864883	-3.40282346639e+38	-3.40282346639e+38	
-3.40282346639e+38	0.000522010865214	0.000522010865214	0.000522010865214	0.000522010865214	0.000522010865214	0.000522010865214	0.000522010865214	0.000522010865214	-3.40282346639e+38	-3.40282346639e+38	
-3.40282346639e+38	0.000522010865498	0.000522010865498	0.000522010865498	0.000522010865498	0.000522010865498	0.000522010865498	0.000522010865498	0.000522010865498	-3.40282346639e+38	-3.40282346639e+38	
-3.40282346639e+38	0.000522010865742	0.000522010865742	0.000522010865742	0.000522010865742	0.000522010865742	0.000522010865742	0.000522010865742	0.000522010865742	-3.40282346639e+38	-3.40282346639e+38	
-3.40282346639e+38	0.000522010865951	0.000522010865951	0.000522010865951	0.000522010865951	0.000522010865951	0.000522010865951	0.000522010865951	0.000522010865951	-3.40282346639e+38	-3.40282346639e+38	
-3.40282346639e+38	0.00052201086613	0.00052201086613	0.00052201086613	0.00052201086613	0.00052201086613	0.00052201086613	0.00052201086613	0.00052201086613	-3.40282346639e+38	-3.40282346639e+38	
-3.40282346639e+38	0.000522010866283	0.000522010866283	0.000522010866283	0.000522010866283	0.000522010866283	0.000522010866283	0.000522010866283	0.000522010866283	-3.40282346639e+38	-3.40282346639e+38	
-3.40282346639e+38	0.000522010866415	0.000522010866415	0.000522010866415	0.000522010866415	0.000522010866415	0.000522010866415	0.000522010866415	0.000522010866415	-3.40282346639e+38	-3.40282346639e+38	
-3.40282346639e+38	0.000522010866528	0.000522010866528	0.000522010866528	0.000522010866528	0.000522010866528	0.000522010866528	0.000522010866528	0.000522010866528	-3.40282346639e+38	-3.40282346639e+38	
-3.40282346639e+38	0.000522010866626	0.000522010866626	0.000522010866626	0.000522010866626	0.000522010866626	0.000522010866626	0.000522010866626	0.000522010866626	-3.40282346639e+38	-3.40282346639e+38	
-3.40282346639e+38	0.000522010866709	0.000522010866709	0.000522010866709	0.000522010866709	0.000522010866709	0.000522010866709	0.000522010866709	0.000522010866709	-3.40282346639e+38	-3.40282346639e+38	
-3.40282346639e+38	0.000522010866781	0.000522010866781	0.000522010866781	0.000522010866781	0.000522010866781	0.000522010866781	0.000522010866781	0.000522010866781	-3.40282346639e+38	-3.40282346639e+38	
-3.40282346639e+38	0.000522010866843	0.000522010866843	0.000522010866843	0.000522010866843	0.000522010866843	0.000522010866843	0.000522010866843	0.000522010866843	-3.40282346639e+38	-3.40282346639e+38	
-3.40282346639e+38	0.000522010866896	0.000522010866896	0.000522010866896	0.000522010866896	0.000522010866896	0.000522010866896	0.000522010866896	0.000522010866896	-3.40282346639e+38	-3.40282346639e+38	
-3.40282346639e+38	0.000522010866942	0.000522010866942	0.000522010866942	0.000522010866942	0.000522010866942	0.000522010866942	0.000522010866942	0.000522010866942	-3.40282346639e+38	-3.40282346639e+38	
-3.40282346639e+38	0.000522010866982	0.000522010866982	0.000522010866982	0.000522010866982	0.000522010866982	0.000522010866982	0.000522010866982	0.000522010866982	-3.40282346639e+38	-3.40282346639e+38	
-3.40282346639e+38	0.000522010867016	0.000522010867016	0.000522010867016	0.000522010867016	0.000522010867016	0.000522010867016	0.000522010867016	0.000522010867016	-3.40282346639e+38	-3.40282346639e+38	
-3.40282346639e+38	0.000522010867045	0.000522010867045	0.000522010867045	0.000522010867045	0.000522010867045	0.000522010867045	0.000522010867045	0.000522010867045	-3.40282346639e+38	-3.40282346639e+38	
-3.40282346639e+38	0.000522010867071	0.000522010867071	0.000522010867071	0.000522010867071	0.000522010867071	0.000522010867071	0.000522010867071	0.000522010867071	-3.40282346639e+38	-3.40282346639e+38	
-3.40282346639e+38	0.000522010867092	0.000522010867092	0.000522010867092	0.000522010867092	0.000522010867092	0.000522010867092	0.000522010867092	0.000522010867092	-3.40282346639e+38	-3.40282346639e+38	
-3.40282346639e+38	0.000522010867111	0.000522010867111	0.000522010867111	0.000522010867111	0.000522010867111	0.000522010867111	0.000522010867111	0.000522010867111	-3.40282346639e+38	-3.40282346639e+38	
-3.40282346639e+38	0.000522010867128	0.000522010867128	0.000522010867128	0.000522010867128	0.000522010867128	0.000522010867128	0.000522010867128	0.000522010867128	-3.40282346639e+38	-3.40282346639e+38	
-3.40282346639e+38	0.000522010867142	0.000522010867142	0.000522010867142	0.000522010867142	0.000522010867142	0.000522010867142	0.000522010867142	0.000522010867142	-3.40282346639e+38	-3.40282346639e+38	
-3.40282346639e+38	0.000522010867154	0.000522010867154	0.000522010867154	0.000522010867154	0.000522010867154	0.000522010867154	0.000522010867154	0.000522010867154	-3.40282346639e+38	-3.40282346639e+38	
-3.40282346639e+38	0.000522010867165	0.000522010867165	0.000522010867165	0.000522010867165	0.000522010867165	0.000522010867165	0.000522010867165	0.000522010867165	-3.40282346639e+38	-3.40282346639e+38	
-3.40282346639e+38	0.000522010867174	0.000522010867174	0.000522010867174	0.000522010867174	0.000522010867174	0.000522010867174	0.000522010867174	0.000522010867174	-3.40282346639e+38	-3.40282346639e+38	
-3.40282346639e+38	0.000522010867182	0.000522010867182	0.000522010867182	0.000522010867182	0.000522010867182	0.000522010867182	0.000522010867182	0.000522010867182	-3.40282346639e+38	-3.40282346639e+38	
-3.40282346639e+38	0.000522010867189	0.000522010867189	0.000522010867189	0.000522010867189	0.000522010867189	0.000522010867189	0.000522010867189	0.000522010867189	-3.40282346639e+38	-3.40282346639e+38	
-3.40282346639e+38	0.000522010867195	0.000522010867195	0.000522010867195	0.000522010867195	0.000522010867195	0.000522010867195	0.000522010867195	0.000522010867195	-3.40282346639e+38	-3.40282346639e+38	
-3.40282346639e+38	0.0005220108672	0.0005220108672	0.0005220108672	0.0005220108672	0.0005220108672	0.0005220108672	0.0005220108672	0.0005220108672	-3.40282346639e+38	-3.40282346639e+38	
-3.40282346639e+38	0.000522010867205	0.000522010867205	0.000522010867205	0.000522010867205	0.000522010867205	0.000522010867205	0.000522010867205	0.000522010867205	-3.40282346639e+38	-3.40282346639e+38	
-3.40282346639e+38	0.000522010867209	0.000522010867209	0.000522010867209	0.000522010867209	0.000522010867209	0.000522010867209	0.000522010867209	0.000522010867209	-3.40282346639e+38	-3.40282346639e+38	
-3.40282346639e+38	0.000522010867212	0.000522010867212	0.000522010867212	0.000522010867212	0.000522010867212	0.000522010867212	0.000522010867212	0.000522010867212	-3.40282346639e+38	-3.40282346639e+38	
-3.40282346639e+38	0.000522010867215	0.000522010867215	0.000522010867215	0.000522010867215	0.000522010867215	0.000522010867215	0.000522010867215	0.000522010867215	-3.40282346639e+38	-3.40282346639e+38	
-3.40282346639e+38	0.000522010867218	0.000522010867218	0.000522010867218	0.000522010867218	0.000522010867218	0.000522010867218	0.000522010867218	0.000522010867218	-3.40282346639e+38	-3.40282346639e+38	
-3.40282346639e+38	0.00052201086722	0.00052201086722	0.00052201086722	0.00052201086722	0.00052201086722	0.00052201086722	0.00052201086722	0.00052201086722	-3.40282346639e+38	-3.40282346639e+38	
-3.40282346639e+38	0.000522010867222	0.000522010867222	0.000522010867222	0.000522010867222	0.000522010867222	0.000522010867222	0.000522010867222	0.000522010867222	-3.40282346639e+38	-3.40282346639e+38	
-3.40282346639e+38	0.000522010867224	0.000522010867224	0.000522010867224	0.000522010867224	0.000522010867224	0.000522010867224	0.000522010867224	0.000522010867224	-3.40282346639e+38	-3.40282346639e+38	
-3.40282346639e+38	0.000522010867225	0.000522010867225	0.000522010867225	0.000522010867225	0.000522010867225	0.000522010867225	0.000522010867225	0.000522010867225	-3.40282346639e+38	-3.40282346639e+38	
-3.40282346639e+38	0.000522010867227	0.000522010867227	0.000522010867227	0.000522010867227	0.000522010867227	0.000522010867227	0.000522010867227	0.000522010867227	-3.40282346639e+38	-3.40282346639e+38	
-3.40282346639e+38	0.000522010867228	0.000522010867228	0.000522010867228	0.000522010867228	0.000522010867228	0.000522010867228	0.000522010867228	0.000522010867228	-3.40282346639e+38	-3.40282346639e+38	
-3.40282346639e+38	0.000522010867229	0.000522010867229	0.000522010867229	0.000522010867229	0.000522010867229	0.000522010867229	0.000522010867229	0.000522010867229	-3.40282346639e+38	-3.40282346639e+38	
-3.40282346639e+38	0.00052201086723	0.00052201086723	0.00052201086723	0.00052201086723	0.00052201086723	0.00052201086723	0.00052201086723	0.00052201086723	-3.40282346639e+38	-3.40282346639e+38	
-3.40282346639e+38	0.00052201086723	0.00052201086723	0.00052201086723	0.00052201086723	0.00052201086723	0.00052201086723	0.00052201086723	0.00052201086723	-3.40282346639e+38	-3.40282346639e+38	
-3.40282346639e+38	0.000522010867231	0.000522010867231	0.000522010867231	0.000522010867231	0.000522010867231	0.000522010867231	0.000522010867231	0.000522010867231	-3.40282346639e+38	-3.40282346639e+38	
-3.40282346639e+38	0.000522010867232	0.000522010867232	0.000522010867232	0.000522010867232	0.000522010867232	0.000522010867232	0.000522010867232	0.000522010867232	-3.40282346639e+38	-3.40282346639e+38	
-3.40282346639e+38	0.000522010867232	0.000522010867232	0.000522010867232	0.000522010867232	0.000522010867232	0.000522010867232	0.000522010867232	0.000522010867232	-3.40282346639e+38	-3.40282346639e+38	
-3.40282346639e+38	0.000522010867233	0.000522010867233	0.000522010867233	0.000522010867233	0.000522010867233	0.000522010867233	0.000522010867233	0.000522010867233	-3.40282346639e+38	-3.40282346639e+38	
-3.40282346639e+38	0.000522010867233	0.000522010867233	0.000522010867233	0.000522010867233	0.000522010867233	0.000522010867233	0.000522010867233	0.000522010867233	-3.40282346639e+38	-3.40282346639e+38	
-3.40282346639e+38	0.000522010867233	0.000522010867233	0.000522010867233	0.000522010867233	0.000522010867233	0.000522010867233	0.000522010867233	0.000522010867233	-3.40282346639e+38	-3.40282346639e+38	
-3.40282346639e+38	0.000522010867234	0.000522010867234	0.000522010867234	0.000522010867234	0.000522010867234	0.000522010867234	0.000522010867234	0.000522010867234	-3.40282346639e+38	-3.40282346639e+38	
-3.40282346639e+38	0.000522010867234	0.000522010867234	0.000522010867234	0.000522010867234	0.000522010867234	0.000522010867234	0.000522010867234	0.000522010867234	-3.40282346639e+38	-3.40282346639e+38	
-3.40282346639e+38	0.000522010867234	0.000522010867234	0.000522010867234	0.000522010867234	0.000522010867234	0.000522010867234	0.000522010867234	0.000522010867234	-3.40282346639e+38	-3.40282346639e+38	
-3.40282346639e+38	0.000522010867234	0.000522010867234	0.000522010867234	0.000522010867234	0.000522010867234	0.000522010867234	0.000522010867234	0.000522010867234	-3.40282346639e+38	-3.40282346639e+38	
-3.40282346639e+38	0.000522010867235	0.000522010867235	0.000522010867235	0.000522010867235	0.000522010867235	0.000522010867235	0.000522010867235	0.000522010867235	-3.40282346639e+38	-3.40282346639e+38	
-3.40282346639e+38	0.000522010867235	0.000522010867235	0.000522010867235	0.000522010867235	0.000522010867235	0.000522010867235	0.000522010867235	0.000522010867235	-3.40282346639e+38	-3.40282346639e+38	
-3.40282346639e+38	0.000522010867235	0.000522010867235	0.000522010867235	0.000522010867235	0.000522010867235	0.000522010867235	0.000522010867235	0.000522010867235	-3.40282346639e+38	-3.40282346639e+38	
-3.40282346639e+38	0.000522010867235	0.000522010867235	0.000522010867235	0.000522010867235	0.000522010867235	0.000522010867235	0.000522010867235	0.000522010867235	-3.40282346639e+38	-3.40282346639e+38	
-3.40282346639e+38	0.000522010867235	0.000522010867235	0.000522010867235	0.000522010867235	0.000522010867235	0.000522010867235	0.000522010867235	0.000522010867235	-3.40282346639e+38	-3.40282346639e+38	
-3.40282346639e+38	0.000522010867235	0.000522010867235	0.000522010867235	0.000522010867235	0.000522010867235	0.000522010867235	0.000522010867235	0.000522010867235	-3.40282346639e+38	-3.40282346639e+38	
-3.40282346639e+38	0.000522010867235	0.000522010867235	0.000522010867235	0.000522010867235	0.000522010867235	0.000522010867235	0.000522010867235	0.000522010867235	-3.40282346639e+38	-3.40282346639e+38	
-3.40282346639e+38	0.000522010867235	0.000522010867235	0.000522010867235	0.000522010867235	0.000522010867235	0.000522010867235	0.000522010867235	0.000522010867235	-3.40282346639e+38	-3.40282346639e+38	
-3.40282346639e+38	0.000522010867236	0.000522010867236	0.000522010867236	0.000522010867236	0.000522010867236	0.000522010867236	0.000522010867236	0.000522010867236	-3.40282346639e+38	-3.40282346639e+38	
-3.40282346639e+38	0.000522010867236	0.000522010867236	0.000522010867236	0.000522010867236	0.000522010867236	0.000522010867236	0.000522010867236	0.000522010867236	-3.40282346639e+38	-3.40282346639e+38	
-3.40282346639e+38	0.000522010867236	0.000522010867236	0.000522010867236	0.000522010867236	0.000522010867236	0.000522010867236	0.000522010867236	0.000522010867236	-3.40282346639e+38	-3.40282346639e+38	
-3.40282346639e+38	0.000522010867236	0.000522010867236	0.000522010867236	0.000522010867236	0.000522010867236	0.000522010867236	0.000522010867236	0.000522010867236	-3.40282346639e+38	-3.40282346639e+38	
-3.40282346639e+38	0.000522010867236	0.000522010867236	0.000522010867236	0.000522010867236	0.000522010867236	0.000522010867236	0.000522010867236	0.000522010867236	-3.40282346639e+38	-3.40282346639e+38	
-3.40282346639e+38	0.000522010867236	0.000522010867236	0.000522010867236	0.000522010867236	0.000522010867236	0.000522010867236	0.000522010867236	0.000522010867236	-3.40282346639e+38	-3.40282346639e+38	
-3.40282346639e+38	0.000522010867236	0.000522010867236	0.000522010867236	0.000522010867236	0.000522010867236	0.000522010867236	0.000522010867236	0.000522010867236	-3.40282346639e+38	-3.40282346639e+38	
-3.40282346639e+38	-3.40282346639e+38	-3.40282346639e+38	-3.40282346639e+38	-3.40282346639e+38	-3.40282346639e+38	-3.40282346639e+38	-3.40282346639e+38	-3.40282346639e+38	-3.40282346639e+38	-3.40282346639e+38	
