out/0000000026h.asc
ncols 11
nrows 101
xllcorner -0.5
yllcorner -0.5
cellsize 1.0
nodata_value -3.40282346639e+38
-3.40282346639e+38	-3.40282346639e+38	-3.40282346639e+38	-3.40282346639e+38	-3.40282346639e+38	-3.40282346639e+38	-3.40282346639e+38	-3.40282346639e+38	-3.40282346639e+38	-3.40282346639e+38	-3.40282346639e+38	
-3.40282346639e+38	-3.40282346639e+38	-3.40282346639e+38	-3.40282346639e+38	-3.40282346639e+38	-3.40282346639e+38	-3.40282346639e+38	-3.40282346639e+38	-3.40282346639e+38	-3.40282346639e+38	-3.40282346639e+38	
-3.40282346639e+38	0.00026155760915	0.00026155760915	0.00026155760915	0.00026155760915	0.00026155760915	0.00026155760915	0.00026155760915	0.00026155760915	-3.40282346639e+38	-3.40282346639e+38	
-3.40282346639e+38	0.000263542107226	0.000263542107226	0.000263542107226	0.000263542107226	0.000263542107226	0.000263542107226	0.000263542107226	0.000263542107226	-3.40282346639e+38	-3.40282346639e+38	
-3.40282346639e+38	0.000263724088716	0.000263724088716	0.000263724088716	0.000263724088716	0.000263724088716	0.000263724088716	0.000263724088716	0.000263724088716	-3.40282346639e+38	-3.40282346639e+38	
-3.40282346639e+38	0.000263737800847	0.000263737800847	0.000263737800847	0.000263737800847	0.000263737800847	0.000263737800847	0.000263737800847	0.000263737800847	-3.40282346639e+38	-3.40282346639e+38	
-3.40282346639e+38	0.000263738699553	0.000263738699553	0.000263738699553	0.000263738699553	0.000263738699553	0.000263738699553	0.000263738699553	0.000263738699553	-3.40282346639e+38	-3.40282346639e+38	
-3.40282346639e+38	0.000263738764773	0.000263738764773	0.000263738764773	0.000263738764773	0.000263738764773	0.000263738764773	0.000263738764773	0.000263738764773	-3.40282346639e+38	-3.40282346639e+38	
-3.40282346639e+38	0.000263738780443	0.000263738780443	0.000263738780443	0.000263738780443	0.000263738780443	0.000263738780443	0.000263738780443	0.000263738780443	-3.40282346639e+38	-3.40282346639e+38	
-3.40282346639e+38	0.000263738791788	0.000263738791788	0.000263738791788	0.000263738791788	0.000263738791788	0.000263738791788	0.000263738791788	0.000263738791788	-3.40282346639e+38	-3.40282346639e+38	
-3.40282346639e+38	0.000263738801385	0.000263738801385	0.000263738801385	0.000263738801385	0.000263738801385	0.000263738801385	0.000263738801385	0.000263738801385	-3.40282346639e+38	-3.40282346639e+38	
-3.40282346639e+38	0.000263738809574	0.000263738809574	0.000263738809574	0.000263738809574	0.000263738809574	0.000263738809574	0.000263738809574	0.000263738809574	-3.40282346639e+38	-3.40282346639e+38	
-3.40282346639e+38	0.000263738816564	0.000263738816564	0.000263738816564	0.000263738816564	0.000263738816564	0.000263738816564	0.000263738816564	0.000263738816564	-3.40282346639e+38	-3.40282346639e+38	
-3.40282346639e+38	0.000263738822526	0.000263738822526	0.000263738822526	0.000263738822526	0.000263738822526	0.000263738822526	0.000263738822526	0.000263738822526	-3.40282346639e+38	-3.40282346639e+38	
-3.40282346639e+38	0.000263738827611	0.000263738827611	0.000263738827611	0.000263738827611	0.000263738827611	0.000263738827611	0.000263738827611	0.000263738827611	-3.40282346639e+38	-3.40282346639e+38	
-3.40282346639e+38	0.000263738831948	0.000263738831948	0.000263738831948	0.000263738831948	0.000263738831948	0.000263738831948	0.000263738831948	0.000263738831948	-3.40282346639e+38	-3.40282346639e+38	
-3.40282346639e+38	0.000263738835645	0.000263738835645	0.000263738835645	0.000263738835645	0.000263738835645	0.000263738835645	0.000263738835645	0.000263738835645	-3.40282346639e+38	-3.40282346639e+38	
-3.40282346639e+38	0.000263738838797	0.000263738838797	0.000263738838797	0.000263738838797	0.000263738838797	0.000263738838797	0.000263738838797	0.000263738838797	-3.40282346639e+38	-3.40282346639e+38	
-3.40282346639e+38	0.000263738841485	0.000263738841485	0.000263738841485	0.000263738841485	0.000263738841485	0.000263738841485	0.000263738841485	0.000263738841485	-3.40282346639e+38	-3.40282346639e+38	
-3.40282346639e+38	0.000263738843777	0.000263738843777	0.000263738843777	0.000263738843777	0.000263738843777	0.000263738843777	0.000263738843777	0.000263738843777	-3.40282346639e+38	-3.40282346639e+38	
-3.40282346639e+38	0.000263738845731	0.000263738845731	0.000263738845731	0.000263738845731	0.000263738845731	0.000263738845731	0.000263738845731	0.000263738845731	-3.40282346639e+38	-3.40282346639e+38	
-3.40282346639e+38	0.000263738847399	0.000263738847399	0.000263738847399	0.000263738847399	0.000263738847399	0.000263738847399	0.000263738847399	0.000263738847399	-3.40282346639e+38	-3.40282346639e+38	
-3.40282346639e+38	0.000263738848821	0.000263738848821	0.000263738848821	0.000263738848821	0.000263738848821	0.000263738848821	0.000263738848821	0.000263738848821	-3.40282346639e+38	-3.40282346639e+38	
-3.40282346639e+38	0.000263738850035	0.000263738850035	0.000263738850035	0.000263738850035	0.000263738850035	0.000263738850035	0.000263738850035	0.000263738850035	-3.40282346639e+38	-3.40282346639e+38	
-3.40282346639e+38	0.000263738851071	0.000263738851071	0.000263738851071	0.000263738851071	0.000263738851071	0.000263738851071	0.000263738851071	0.000263738851071	-3.40282346639e+38	-3.40282346639e+38	
-3.40282346639e+38	0.000263738851956	0.000263738851956	0.000263738851956	0.000263738851956	0.000263738851956	0.000263738851956	0.000263738851956	0.000263738851956	-3.40282346639e+38	-3.40282346639e+38	
-3.40282346639e+38	0.000263738852712	0.000263738852712	0.000263738852712	0.000263738852712	0.000263738852712	0.000263738852712	0.000263738852712	0.000263738852712	-3.40282346639e+38	-3.40282346639e+38	
-3.40282346639e+38	0.000263738853358	0.000263738853358	0.000263738853358	0.000263738853358	0.000263738853358	0.000263738853358	0.000263738853358	0.000263738853358	-3.40282346639e+38	-3.40282346639e+38	
-3.40282346639e+38	0.00026373885391	0.00026373885391	0.00026373885391	0.00026373885391	0.00026373885391	0.00026373885391	0.00026373885391	0.00026373885391	-3.40282346639e+38	-3.40282346639e+38	
-3.40282346639e+38	0.000263738854382	0.000263738854382	0.000263738854382	0.000263738854382	0.000263738854382	0.000263738854382	0.000263738854382	0.000263738854382	-3.40282346639e+38	-3.40282346639e+38	
-3.40282346639e+38	0.000263738854786	0.000263738854786	0.000263738854786	0.000263738854786	0.000263738854786	0.000263738854786	0.000263738854786	0.000263738854786	-3.40282346639e+38	-3.40282346639e+38	
-3.40282346639e+38	0.000263738855131	0.000263738855131	0.000263738855131	0.000263738855131	0.000263738855131	0.000263738855131	0.000263738855131	0.000263738855131	-3.40282346639e+38	-3.40282346639e+38	
-3.40282346639e+38	0.000263738855427	0.000263738855427	0.000263738855427	0.000263738855427	0.000263738855427	0.000263738855427	0.000263738855427	0.000263738855427	-3.40282346639e+38	-3.40282346639e+38	
-3.40282346639e+38	0.00026373885568	0.00026373885568	0.00026373885568	0.00026373885568	0.00026373885568	0.00026373885568	0.00026373885568	0.00026373885568	-3.40282346639e+38	-3.40282346639e+38	
-3.40282346639e+38	0.000263738855897	0.000263738855897	0.000263738855897	0.000263738855897	0.000263738855897	0.000263738855897	0.000263738855897	0.000263738855897	-3.40282346639e+38	-3.40282346639e+38	
-3.40282346639e+38	0.000263738856084	0.000263738856084	0.000263738856084	0.000263738856084	0.000263738856084	0.000263738856084	0.000263738856084	0.000263738856084	-3.40282346639e+38	-3.40282346639e+38	
-3.40282346639e+38	0.000263738856243	0.000263738856243	0.000263738856243	0.000263738856243	0.000263738856243	0.000263738856243	0.000263738856243	0.000263738856243	-3.40282346639e+38	-3.40282346639e+38	
-3.40282346639e+38	0.00026373885638	0.00026373885638	0.00026373885638	0.00026373885638	0.00026373885638	0.00026373885638	0.00026373885638	0.00026373885638	-3.40282346639e+38	-3.40282346639e+38	
-3.40282346639e+38	0.000263738856498	0.000263738856498	0.000263738856498	0.000263738856498	0.000263738856498	0.000263738856498	0.000263738856498	0.000263738856498	-3.40282346639e+38	-3.40282346639e+38	
-3.40282346639e+38	0.000263738856599	0.000263738856599	0.000263738856599	0.000263738856599	0.000263738856599	0.000263738856599	0.000263738856599	0.000263738856599	-3.40282346639e+38	-3.40282346639e+38	
-3.40282346639e+38	0.000263738856685	0.000263738856685	0.000263738856685	0.000263738856685	0.000263738856685	0.000263738856685	0.000263738856685	0.000263738856685	-3.40282346639e+38	-3.40282346639e+38	
-3.40282346639e+38	0.00026373885676	0.00026373885676	0.00026373885676	0.00026373885676	0.00026373885676	0.00026373885676	0.00026373885676	0.00026373885676	-3.40282346639e+38	-3.40282346639e+38	
-3.40282346639e+38	0.000263738856824	0.000263738856824	0.000263738856824	0.000263738856824	0.000263738856824	0.000263738856824	0.000263738856824	0.000263738856824	-3.40282346639e+38	-3.40282346639e+38	
-3.40282346639e+38	0.000263738856879	0.000263738856879	0.000263738856879	0.000263738856879	0.000263738856879	0.000263738856879	0.000263738856879	0.000263738856879	-3.40282346639e+38	-3.40282346639e+38	
-3.40282346639e+38	0.000263738856927	0.000263738856927	0.000263738856927	0.000263738856927	0.000263738856927	0.000263738856927	0.000263738856927	0.000263738856927	-3.40282346639e+38	-3.40282346639e+38	
-3.40282346639e+38	0.000263738856967	0.000263738856967	0.000263738856967	0.000263738856967	0.000263738856967	0.000263738856967	0.000263738856967	0.000263738856967	-3.40282346639e+38	-3.40282346639e+38	
-3.40282346639e+38	0.000263738857003	0.000263738857003	0.000263738857003	0.000263738857003	0.000263738857003	0.000263738857003	0.000263738857003	0.000263738857003	-3.40282346639e+38	-3.40282346639e+38	
-3.40282346639e+38	0.000263738857033	0.000263738857033	0.000263738857033	0.000263738857033	0.000263738857033	0.000263738857033	0.000263738857033	0.000263738857033	-3.40282346639e+38	-3.40282346639e+38	
-3.40282346639e+38	0.000263738857059	0.000263738857059	0.000263738857059	0.000263738857059	0.000263738857059	0.000263738857059	0.000263738857059	0.000263738857059	-3.40282346639e+38	-3.40282346639e+38	
-3.40282346639e+38	0.000263738857082	0.000263738857082	0.000263738857082	0.000263738857082	0.000263738857082	0.000263738857082	0.000263738857082	0.000263738857082	-3.40282346639e+38	-3.40282346639e+38	
-3.40282346639e+38	0.000263738857101	0.000263738857101	0.000263738857101	0.000263738857101	0.000263738857101	0.000263738857101	0.000263738857101	0.000263738857101	-3.40282346639e+38	-3.40282346639e+38	
-3.40282346639e+38	0.000263738857118	0.000263738857118	0.000263738857118	0.000263738857118	0.000263738857118	0.000263738857118	0.000263738857118	0.000263738857118	-3.40282346639e+38	-3.40282346639e+38	
-3.40282346639e+38	0.000263738857133	0.000263738857133	0.000263738857133	0.000263738857133	0.000263738857133	0.000263738857133	0.000263738857133	0.000263738857133	-3.40282346639e+38	-3.40282346639e+38	
-3.40282346639e+38	0.000263738857146	0.000263738857146	0.000263738857146	0.000263738857146	0.000263738857146	0.000263738857146	0.000263738857146	0.000263738857146	-3.40282346639e+38	-3.40282346639e+38	
-3.40282346639e+38	0.000263738857157	0.000263738857157	0.000263738857157	0.000263738857157	0.000263738857157	0.000263738857157	0.000263738857157	0.000263738857157	-3.40282346639e+38	-3.40282346639e+38	
-3.40282346639e+38	0.000263738857166	0.000263738857166	0.000263738857166	0.000263738857166	0.000263738857166	0.000263738857166	0.000263738857166	0.000263738857166	-3.40282346639e+38	-3.40282346639e+38	
-3.40282346639e+38	0.000263738857174	0.000263738857174	0.000263738857174	0.000263738857174	0.000263738857174	0.000263738857174	0.000263738857174	0.000263738857174	-3.40282346639e+38	-3.40282346639e+38	
-3.40282346639e+38	0.000263738857181	0.000263738857181	0.000263738857181	0.000263738857181	0.000263738857181	0.000263738857181	0.000263738857181	0.000263738857181	-3.40282346639e+38	-3.40282346639e+38	
-3.40282346639e+38	0.000263738857187	0.000263738857187	0.000263738857187	0.000263738857187	0.000263738857187	0.000263738857187	0.000263738857187	0.000263738857187	-3.40282346639e+38	-3.40282346639e+38	
-3.40282346639e+38	0.000263738857193	0.000263738857193	0.000263738857193	0.000263738857193	0.000263738857193	0.000263738857193	0.000263738857193	0.000263738857193	-3.40282346639e+38	-3.40282346639e+38	
-3.40282346639e+38	0.000263738857198	0.000263738857198	0.000263738857198	0.000263738857198	0.000263738857198	0.000263738857198	0.000263738857198	0.000263738857198	-3.40282346639e+38	-3.40282346639e+38	
-3.40282346639e+38	0.000263738857202	0.000263738857202	0.000263738857202	0.000263738857202	0.000263738857202	0.000263738857202	0.000263738857202	0.000263738857202	-3.40282346639e+38	-3.40282346639e+38	
-3.40282346639e+38	0.000263738857205	0.000263738857205	0.000263738857205	0.000263738857205	0.000263738857205	0.000263738857205	0.000263738857205	0.000263738857205	-3.40282346639e+38	-3.40282346639e+38	
-3.40282346639e+38	0.000263738857208	0.000263738857208	0.000263738857208	0.000263738857208	0.000263738857208	0.000263738857208	0.000263738857208	0.000263738857208	-3.40282346639e+38	-3.40282346639e+38	
-3.40282346639e+38	0.000263738857211	0.000263738857211	0.000263738857211	0.000263738857211	0.000263738857211	0.000263738857211	0.000263738857211	0.000263738857211	-3.40282346639e+38	-3.40282346639e+38	
-3.40282346639e+38	0.000263738857213	0.000263738857213	0.000263738857213	0.000263738857213	0.000263738857213	0.000263738857213	0.000263738857213	0.000263738857213	-3.40282346639e+38	-3.40282346639e+38	
-3.40282346639e+38	0.000263738857215	0.000263738857215	0.000263738857215	0.000263738857215	0.000263738857215	0.000263738857215	0.000263738857215	0.000263738857215	-3.40282346639e+38	-3.40282346639e+38	
-3.40282346639e+38	0.000263738857217	0.000263738857217	0.000263738857217	0.000263738857217	0.000263738857217	0.000263738857217	0.000263738857217	0.000263738857217	-3.40282346639e+38	-3.40282346639e+38	
-3.40282346639e+38	0.000263738857218	0.000263738857218	0.000263738857218	0.000263738857218	0.000263738857218	0.000263738857218	0.000263738857218	0.000263738857218	-3.40282346639e+38	-3.40282346639e+38	
-3.40282346639e+38	0.00026373885722	0.00026373885722	0.00026373885722	0.00026373885722	0.00026373885722	0.00026373885722	0.00026373885722	0.00026373885722	-3.40282346639e+38	-3.40282346639e+38	
-3.40282346639e+38	0.000263738857221	0.000263738857221	0.000263738857221	0.000263738857221	0.000263738857221	0.000263738857221	0.000263738857221	0.000263738857221	-3.40282346639e+38	-3.40282346639e+38	
-3.40282346639e+38	0.000263738857222	0.000263738857222	0.000263738857222	0.000263738857222	0.000263738857222	0.000263738857222	0.000263738857222	0.000263738857222	-3.40282346639e+38	-3.40282346639e+38	
-3.40282346639e+38	0.000263738857223	0.000263738857223	0.000263738857223	0.000263738857223	0.000263738857223	0.000263738857223	0.000263738857223	0.000263738857223	-3.40282346639e+38	-3.40282346639e+38	
-3.40282346639e+38	0.000263738857224	0.000263738857224	0.000263738857224	0.000263738857224	0.000263738857224	0.000263738857224	0.000263738857224	0.000263738857224	-3.40282346639e+38	-3.40282346639e+38	
-3.40282346639e+38	0.000263738857224	0.000263738857224	0.000263738857224	0.000263738857224	0.000263738857224	0.000263738857224	0.000263738857224	0.000263738857224	-3.40282346639e+38	-3.40282346639e+38	
-3.40282346639e+38	0.000263738857225	0.000263738857225	0.000263738857225	0.000263738857225	0.000263738857225	0.000263738857225	0.000263738857225	0.000263738857225	-3.40282346639e+38	-3.40282346639e+38	
-3.40282346639e+38	0.000263738857226	0.000263738857226	0.000263738857226	0.000263738857226	0.000263738857226	0.000263738857226	0.000263738857226	0.000263738857226	-3.40282346639e+38	-3.40282346639e+38	
-3.40282346639e+38	0.000263738857226	0.000263738857226	0.000263738857226	0.000263738857226	0.000263738857226	0.000263738857226	0.000263738857226	0.000263738857226	-3.40282346639e+38	-3.40282346639e+38	
-3.40282346639e+38	0.000263738857226	0.000263738857226	0.000263738857226	0.000263738857226	0.000263738857226	0.000263738857226	0.000263738857226	0.000263738857226	-3.40282346639e+38	-3.40282346639e+38	
-3.40282346639e+38	0.000263738857227	0.000263738857227	0.000263738857227	0.000263738857227	0.000263738857227	0.000263738857227	0.000263738857227	0.000263738857227	-3.40282346639e+38	-3.40282346639e+38	
-3.40282346639e+38	0.000263738857227	0.000263738857227	0.000263738857227	0.000263738857227	0.000263738857227	0.000263738857227	0.000263738857227	0.000263738857227	-3.40282346639e+38	-3.40282346639e+38	
-3.40282346639e+38	0.000263738857227	0.000263738857227	0.000263738857227	0.000263738857227	0.000263738857227	0.000263738857227	0.000263738857227	0.000263738857227	-3.40282346639e+38	-3.40282346639e+38	
-3.40282346639e+38	0.000263738857228	0.000263738857228	0.000263738857228	0.000263738857228	0.000263738857228	0.000263738857228	0.000263738857228	0.000263738857228	-3.40282346639e+38	-3.40282346639e+38	
-3.40282346639e+38	0.000263738857228	0.000263738857228	0.000263738857228	0.000263738857228	0.000263738857228	0.000263738857228	0.000263738857228	0.000263738857228	-3.40282346639e+38	-3.40282346639e+38	
-3.40282346639e+38	0.000263738857228	0.000263738857228	0.000263738857228	0.000263738857228	0.000263738857228	0.000263738857228	0.000263738857228	0.000263738857228	-3.40282346639e+38	-3.40282346639e+38	
-3.40282346639e+38	0.000263738857228	0.000263738857228	0.000263738857228	0.000263738857228	0.000263738857228	0.000263738857228	0.000263738857228	0.000263738857228	-3.40282346639e+38	-3.40282346639e+38	
-3.40282346639e+38	0.000263738857228	0.000263738857228	0.000263738857228	0.000263738857228	0.000263738857228	0.000263738857228	0.000263738857228	0.000263738857228	-3.40282346639e+38	-3.40282346639e+38	
-3.40282346639e+38	0.000263738857229	0.000263738857229	0.000263738857229	0.000263738857229	0.000263738857229	0.000263738857229	0.000263738857229	0.000263738857229	-3.40282346639e+38	-3.40282346639e+38	
-3.40282346639e+38	0.000263738857229	0.000263738857229	0.000263738857229	0.000263738857229	0.000263738857229	0.000263738857229	0.000263738857229	0.000263738857229	-3.40282346639e+38	-3.40282346639e+38	
-3.40282346639e+38	0.000263738857229	0.000263738857229	0.000263738857229	0.000263738857229	0.000263738857229	0.000263738857229	0.000263738857229	0.000263738857229	-3.40282346639e+38	-3.40282346639e+38	
-3.40282346639e+38	0.000263738857229	0.000263738857229	0.000263738857229	0.000263738857229	0.000263738857229	0.000263738857229	0.000263738857229	0.000263738857229	-3.40282346639e+38	-3.40282346639e+38	
-3.40282346639e+38	0.000263738857229	0.000263738857229	0.000263738857229	0.000263738857229	0.000263738857229	0.000263738857229	0.000263738857229	0.000263738857229	-3.40282346639e+38	-3.40282346639e+38	
-3.40282346639e+38	0.000263738857229	0.000263738857229	0.000263738857229	0.000263738857229	0.000263738857229	0.000263738857229	0.000263738857229	0.000263738857229	-3.40282346639e+38	-3.40282346639e+38	
-3.40282346639e+38	0.000263738857229	0.000263738857229	0.000263738857229	0.000263738857229	0.000263738857229	0.000263738857229	0.000263738857229	0.000263738857229	-3.40282346639e+38	-3.40282346639e+38	
-3.40282346639e+38	0.000263738857229	0.000263738857229	0.000263738857229	0.000263738857229	0.000263738857229	0.000263738857229	0.000263738857229	0.000263738857229	-3.40282346639e+38	-3.40282346639e+38	
-3.40282346639e+38	0.000263738857229	0.000263738857229	0.000263738857229	0.000263738857229	0.000263738857229	0.000263738857229	0.000263738857229	0.000263738857229	-3.40282346639e+38	-3.40282346639e+38	
-3.40282346639e+38	0.000263738857229	0.000263738857229	0.000263738857229	0.000263738857229	0.000263738857229	0.000263738857229	0.000263738857229	0.000263738857229	-3.40282346639e+38	-3.40282346639e+38	
-3.40282346639e+38	0.000263738857229	0.000263738857229	0.000263738857229	0.000263738857229	0.000263738857229	0.000263738857229	0.000263738857229	0.000263738857229	-3.40282346639e+38	-3.40282346639e+38	
-3.40282346639e+38	0.000263738857229	0.000263738857229	0.000263738857229	0.000263738857229	0.000263738857229	0.000263738857229	0.000263738857229	0.000263738857229	-3.40282346639e+38	-3.40282346639e+38	
-3.40282346639e+38	0.000263738857229	0.000263738857229	0.000263738857229	0.000263738857229	0.000263738857229	0.000263738857229	0.000263738857229	0.000263738857229	-3.40282346639e+38	-3.40282346639e+38	
-3.40282346639e+38	-3.40282346639e+38	-3.40282346639e+38	-3.40282346639e+38	-3.40282346639e+38	-3.40282346639e+38	-3.40282346639e+38	-3.40282346639e+38	-3.40282346639e+38	-3.40282346639e+38	-3.40282346639e+38	
