out/0000000034h.asc
ncols 11
nrows 101
xllcorner -0.5
yllcorner -0.5
cellsize 1.0
nodata_value -3.40282346639e+38
-3.40282346639e+38	-3.40282346639e+38	-3.40282346639e+38	-3.40282346639e+38	-3.40282346639e+38	-3.40282346639e+38	-3.40282346639e+38	-3.40282346639e+38	-3.40282346639e+38	-3.40282346639e+38	-3.40282346639e+38	
-3.40282346639e+38	-3.40282346639e+38	-3.40282346639e+38	-3.40282346639e+38	-3.40282346639e+38	-3.40282346639e+38	-3.40282346639e+38	-3.40282346639e+38	-3.40282346639e+38	-3.40282346639e+38	-3.40282346639e+38	
-3.40282346639e+38	0.000345756281967	0.000345756281967	0.000345756281967	0.000345756281967	0.000345756281967	0.000345756281967	0.000345756281967	0.000345756281967	-3.40282346639e+38	-3.40282346639e+38	
-3.40282346639e+38	0.00035156674655	0.00035156674655	0.00035156674655	0.00035156674655	0.00035156674655	0.00035156674655	0.00035156674655	0.00035156674655	-3.40282346639e+38	-3.40282346639e+38	
-3.40282346639e+38	0.000352393281955	0.000352393281955	0.000352393281955	0.000352393281955	0.000352393281955	0.000352393281955	0.000352393281955	0.000352393281955	-3.40282346639e+38	-3.40282346639e+38	
-3.40282346639e+38	0.000352489745641	0.000352489745641	0.000352489745641	0.000352489745641	0.000352489745641	0.000352489745641	0.000352489745641	0.000352489745641	-3.40282346639e+38	-3.40282346639e+38	
-3.40282346639e+38	0.000352499345042	0.000352499345042	0.000352499345042	0.000352499345042	0.000352499345042	0.000352499345042	0.000352499345042	0.000352499345042	-3.40282346639e+38	-3.40282346639e+38	
-3.40282346639e+38	0.000352500194738	0.000352500194738	0.000352500194738	0.000352500194738	0.000352500194738	0.000352500194738	0.000352500194738	0.000352500194738	-3.40282346639e+38	-3.40282346639e+38	
-3.40282346639e+38	0.000352500273223	0.000352500273223	0.000352500273223	0.000352500273223	0.000352500273223	0.000352500273223	0.000352500273223	0.000352500273223	-3.40282346639e+38	-3.40282346639e+38	
-3.40282346639e+38	0.000352500289408	0.000352500289408	0.000352500289408	0.000352500289408	0.000352500289408	0.000352500289408	0.000352500289408	0.000352500289408	-3.40282346639e+38	-3.40282346639e+38	
-3.40282346639e+38	0.00035250029961	0.00035250029961	0.00035250029961	0.00035250029961	0.00035250029961	0.00035250029961	0.00035250029961	0.00035250029961	-3.40282346639e+38	-3.40282346639e+38	
-3.40282346639e+38	0.000352500308085	0.000352500308085	0.000352500308085	0.000352500308085	0.000352500308085	0.000352500308085	0.000352500308085	0.000352500308085	-3.40282346639e+38	-3.40282346639e+38	
-3.40282346639e+38	0.000352500315304	0.000352500315304	0.000352500315304	0.000352500315304	0.000352500315304	0.000352500315304	0.000352500315304	0.000352500315304	-3.40282346639e+38	-3.40282346639e+38	
-3.40282346639e+38	0.000352500321463	0.000352500321463	0.000352500321463	0.000352500321463	0.000352500321463	0.000352500321463	0.000352500321463	0.000352500321463	-3.40282346639e+38	-3.40282346639e+38	
-3.40282346639e+38	0.000352500326717	0.000352500326717	0.000352500326717	0.000352500326717	0.000352500326717	0.000352500326717	0.000352500326717	0.000352500326717	-3.40282346639e+38	-3.40282346639e+38	
-3.40282346639e+38	0.000352500331198	0.000352500331198	0.000352500331198	0.000352500331198	0.000352500331198	0.000352500331198	0.000352500331198	0.000352500331198	-3.40282346639e+38	-3.40282346639e+38	
-3.40282346639e+38	0.000352500335018	0.000352500335018	0.000352500335018	0.000352500335018	0.000352500335018	0.000352500335018	0.000352500335018	0.000352500335018	-3.40282346639e+38	-3.40282346639e+38	
-3.40282346639e+38	0.000352500338276	0.000352500338276	0.000352500338276	0.000352500338276	0.000352500338276	0.000352500338276	0.000352500338276	0.000352500338276	-3.40282346639e+38	-3.40282346639e+38	
-3.40282346639e+38	0.000352500341054	0.000352500341054	0.000352500341054	0.000352500341054	0.000352500341054	0.000352500341054	0.000352500341054	0.000352500341054	-3.40282346639e+38	-3.40282346639e+38	
-3.40282346639e+38	0.000352500343423	0.000352500343423	0.000352500343423	0.000352500343423	0.000352500343423	0.000352500343423	0.000352500343423	0.000352500343423	-3.40282346639e+38	-3.40282346639e+38	
-3.40282346639e+38	0.000352500345444	0.000352500345444	0.000352500345444	0.000352500345444	0.000352500345444	0.000352500345444	0.000352500345444	0.000352500345444	-3.40282346639e+38	-3.40282346639e+38	
-3.40282346639e+38	0.000352500347168	0.000352500347168	0.000352500347168	0.000352500347168	0.000352500347168	0.000352500347168	0.000352500347168	0.000352500347168	-3.40282346639e+38	-3.40282346639e+38	
-3.40282346639e+38	0.000352500348638	0.000352500348638	0.000352500348638	0.000352500348638	0.000352500348638	0.000352500348638	0.000352500348638	0.000352500348638	-3.40282346639e+38	-3.40282346639e+38	
-3.40282346639e+38	0.000352500349893	0.000352500349893	0.000352500349893	0.000352500349893	0.000352500349893	0.000352500349893	0.000352500349893	0.000352500349893	-3.40282346639e+38	-3.40282346639e+38	
-3.40282346639e+38	0.000352500350965	0.000352500350965	0.000352500350965	0.000352500350965	0.000352500350965	0.000352500350965	0.000352500350965	0.000352500350965	-3.40282346639e+38	-3.40282346639e+38	
-3.40282346639e+38	0.00035250035188	0.00035250035188	0.00035250035188	0.00035250035188	0.00035250035188	0.00035250035188	0.00035250035188	0.00035250035188	-3.40282346639e+38	-3.40282346639e+38	
-3.40282346639e+38	0.000352500352661	0.000352500352661	0.000352500352661	0.000352500352661	0.000352500352661	0.000352500352661	0.000352500352661	0.000352500352661	-3.40282346639e+38	-3.40282346639e+38	
-3.40282346639e+38	0.000352500353329	0.000352500353329	0.000352500353329	0.000352500353329	0.000352500353329	0.000352500353329	0.000352500353329	0.000352500353329	-3.40282346639e+38	-3.40282346639e+38	
-3.40282346639e+38	0.0003525003539	0.0003525003539	0.0003525003539	0.0003525003539	0.0003525003539	0.0003525003539	0.0003525003539	0.0003525003539	-3.40282346639e+38	-3.40282346639e+38	
-3.40282346639e+38	0.000352500354388	0.000352500354388	0.000352500354388	0.000352500354388	0.000352500354388	0.000352500354388	0.000352500354388	0.000352500354388	-3.40282346639e+38	-3.40282346639e+38	
-3.40282346639e+38	0.000352500354805	0.000352500354805	0.000352500354805	0.000352500354805	0.000352500354805	0.000352500354805	0.000352500354805	0.000352500354805	-3.40282346639e+38	-3.40282346639e+38	
-3.40282346639e+38	0.000352500355162	0.000352500355162	0.000352500355162	0.000352500355162	0.000352500355162	0.000352500355162	0.000352500355162	0.000352500355162	-3.40282346639e+38	-3.40282346639e+38	
-3.40282346639e+38	0.000352500355468	0.000352500355468	0.000352500355468	0.000352500355468	0.000352500355468	0.000352500355468	0.000352500355468	0.000352500355468	-3.40282346639e+38	-3.40282346639e+38	
-3.40282346639e+38	0.00035250035573	0.00035250035573	0.00035250035573	0.00035250035573	0.00035250035573	0.00035250035573	0.00035250035573	0.00035250035573	-3.40282346639e+38	-3.40282346639e+38	
-3.40282346639e+38	0.000352500355955	0.000352500355955	0.000352500355955	0.000352500355955	0.000352500355955	0.000352500355955	0.000352500355955	0.000352500355955	-3.40282346639e+38	-3.40282346639e+38	
-3.40282346639e+38	0.000352500356147	0.000352500356147	0.000352500356147	0.000352500356147	0.000352500356147	0.000352500356147	0.000352500356147	0.000352500356147	-3.40282346639e+38	-3.40282346639e+38	
-3.40282346639e+38	0.000352500356312	0.000352500356312	0.000352500356312	0.000352500356312	0.000352500356312	0.000352500356312	0.000352500356312	0.000352500356312	-3.40282346639e+38	-3.40282346639e+38	
-3.40282346639e+38	0.000352500356454	0.000352500356454	0.000352500356454	0.000352500356454	0.000352500356454	0.000352500356454	0.000352500356454	0.000352500356454	-3.40282346639e+38	-3.40282346639e+38	
-3.40282346639e+38	0.000352500356575	0.000352500356575	0.000352500356575	0.000352500356575	0.000352500356575	0.000352500356575	0.000352500356575	0.000352500356575	-3.40282346639e+38	-3.40282346639e+38	
-3.40282346639e+38	0.00035250035668	0.00035250035668	0.00035250035668	0.00035250035668	0.00035250035668	0.00035250035668	0.00035250035668	0.00035250035668	-3.40282346639e+38	-3.40282346639e+38	
-3.40282346639e+38	0.000352500356769	0.000352500356769	0.000352500356769	0.000352500356769	0.000352500356769	0.000352500356769	0.000352500356769	0.000352500356769	-3.40282346639e+38	-3.40282346639e+38	
-3.40282346639e+38	0.000352500356846	0.000352500356846	0.000352500356846	0.000352500356846	0.000352500356846	0.000352500356846	0.000352500356846	0.000352500356846	-3.40282346639e+38	-3.40282346639e+38	
-3.40282346639e+38	0.000352500356913	0.000352500356913	0.000352500356913	0.000352500356913	0.000352500356913	0.000352500356913	0.000352500356913	0.000352500356913	-3.40282346639e+38	-3.40282346639e+38	
-3.40282346639e+38	0.00035250035697	0.00035250035697	0.00035250035697	0.00035250035697	0.00035250035697	0.00035250035697	0.00035250035697	0.00035250035697	-3.40282346639e+38	-3.40282346639e+38	
-3.40282346639e+38	0.000352500357019	0.000352500357019	0.000352500357019	0.000352500357019	0.000352500357019	0.000352500357019	0.000352500357019	0.000352500357019	-3.40282346639e+38	-3.40282346639e+38	
-3.40282346639e+38	0.000352500357061	0.000352500357061	0.000352500357061	0.000352500357061	0.000352500357061	0.000352500357061	0.000352500357061	0.000352500357061	-3.40282346639e+38	-3.40282346639e+38	
-3.40282346639e+38	0.000352500357098	0.000352500357098	0.000352500357098	0.000352500357098	0.000352500357098	0.000352500357098	0.000352500357098	0.000352500357098	-3.40282346639e+38	-3.40282346639e+38	
-3.40282346639e+38	0.000352500357129	0.000352500357129	0.000352500357129	0.000352500357129	0.000352500357129	0.000352500357129	0.000352500357129	0.000352500357129	-3.40282346639e+38	-3.40282346639e+38	
-3.40282346639e+38	0.000352500357156	0.000352500357156	0.000352500357156	0.000352500357156	0.000352500357156	0.000352500357156	0.000352500357156	0.000352500357156	-3.40282346639e+38	-3.40282346639e+38	
-3.40282346639e+38	0.00035250035718	0.00035250035718	0.00035250035718	0.00035250035718	0.00035250035718	0.00035250035718	0.00035250035718	0.00035250035718	-3.40282346639e+38	-3.40282346639e+38	
-3.40282346639e+38	0.0003525003572	0.0003525003572	0.0003525003572	0.0003525003572	0.0003525003572	0.0003525003572	0.0003525003572	0.0003525003572	-3.40282346639e+38	-3.40282346639e+38	
-3.40282346639e+38	0.000352500357217	0.000352500357217	0.000352500357217	0.000352500357217	0.000352500357217	0.000352500357217	0.000352500357217	0.000352500357217	-3.40282346639e+38	-3.40282346639e+38	
-3.40282346639e+38	0.000352500357232	0.000352500357232	0.000352500357232	0.000352500357232	0.000352500357232	0.000352500357232	0.000352500357232	0.000352500357232	-3.40282346639e+38	-3.40282346639e+38	
-3.40282346639e+38	0.000352500357245	0.000352500357245	0.000352500357245	0.000352500357245	0.000352500357245	0.000352500357245	0.000352500357245	0.000352500357245	-3.40282346639e+38	-3.40282346639e+38	
-3.40282346639e+38	0.000352500357257	0.000352500357257	0.000352500357257	0.000352500357257	0.000352500357257	0.000352500357257	0.000352500357257	0.000352500357257	-3.40282346639e+38	-3.40282346639e+38	
-3.40282346639e+38	0.000352500357267	0.000352500357267	0.000352500357267	0.000352500357267	0.000352500357267	0.000352500357267	0.000352500357267	0.000352500357267	-3.40282346639e+38	-3.40282346639e+38	
-3.40282346639e+38	0.000352500357275	0.000352500357275	0.000352500357275	0.000352500357275	0.000352500357275	0.000352500357275	0.000352500357275	0.000352500357275	-3.40282346639e+38	-3.40282346639e+38	
-3.40282346639e+38	0.000352500357282	0.000352500357282	0.000352500357282	0.000352500357282	0.000352500357282	0.000352500357282	0.000352500357282	0.000352500357282	-3.40282346639e+38	-3.40282346639e+38	
-3.40282346639e+38	0.000352500357289	0.000352500357289	0.000352500357289	0.000352500357289	0.000352500357289	0.000352500357289	0.000352500357289	0.000352500357289	-3.40282346639e+38	-3.40282346639e+38	
-3.40282346639e+38	0.000352500357294	0.000352500357294	0.000352500357294	0.000352500357294	0.000352500357294	0.000352500357294	0.000352500357294	0.000352500357294	-3.40282346639e+38	-3.40282346639e+38	
-3.40282346639e+38	0.000352500357299	0.000352500357299	0.000352500357299	0.000352500357299	0.000352500357299	0.000352500357299	0.000352500357299	0.000352500357299	-3.40282346639e+38	-3.40282346639e+38	
-3.40282346639e+38	0.000352500357303	0.000352500357303	0.000352500357303	0.000352500357303	0.000352500357303	0.000352500357303	0.000352500357303	0.000352500357303	-3.40282346639e+38	-3.40282346639e+38	
-3.40282346639e+38	0.000352500357307	0.000352500357307	0.000352500357307	0.000352500357307	0.000352500357307	0.000352500357307	0.000352500357307	0.000352500357307	-3.40282346639e+38	-3.40282346639e+38	
-3.40282346639e+38	0.00035250035731	0.00035250035731	0.00035250035731	0.00035250035731	0.00035250035731	0.00035250035731	0.00035250035731	0.00035250035731	-3.40282346639e+38	-3.40282346639e+38	
-3.40282346639e+38	0.000352500357313	0.000352500357313	0.000352500357313	0.000352500357313	0.000352500357313	0.000352500357313	0.000352500357313	0.000352500357313	-3.40282346639e+38	-3.40282346639e+38	
-3.40282346639e+38	0.000352500357315	0.000352500357315	0.000352500357315	0.000352500357315	0.000352500357315	0.000352500357315	0.000352500357315	0.000352500357315	-3.40282346639e+38	-3.40282346639e+38	
-3.40282346639e+38	0.000352500357317	0.000352500357317	0.000352500357317	0.000352500357317	0.000352500357317	0.000352500357317	0.000352500357317	0.000352500357317	-3.40282346639e+38	-3.40282346639e+38	
-3.40282346639e+38	0.000352500357319	0.000352500357319	0.000352500357319	0.000352500357319	0.000352500357319	0.000352500357319	0.000352500357319	0.000352500357319	-3.40282346639e+38	-3.40282346639e+38	
-3.40282346639e+38	0.000352500357321	0.000352500357321	0.000352500357321	0.000352500357321	0.000352500357321	0.000352500357321	0.000352500357321	0.000352500357321	-3.40282346639e+38	-3.40282346639e+38	
-3.40282346639e+38	0.000352500357322	0.000352500357322	0.000352500357322	0.000352500357322	0.000352500357322	0.000352500357322	0.000352500357322	0.000352500357322	-3.40282346639e+38	-3.40282346639e+38	
-3.40282346639e+38	0.000352500357323	0.000352500357323	0.000352500357323	0.000352500357323	0.000352500357323	0.000352500357323	0.000352500357323	0.000352500357323	-3.40282346639e+38	-3.40282346639e+38	
-3.40282346639e+38	0.000352500357324	0.000352500357324	0.000352500357324	0.000352500357324	0.000352500357324	0.000352500357324	0.000352500357324	0.000352500357324	-3.40282346639e+38	-3.40282346639e+38	
-3.40282346639e+38	0.000352500357325	0.000352500357325	0.000352500357325	0.000352500357325	0.000352500357325	0.000352500357325	0.000352500357325	0.000352500357325	-3.40282346639e+38	-3.40282346639e+38	
-3.40282346639e+38	0.000352500357326	0.000352500357326	0.000352500357326	0.000352500357326	0.000352500357326	0.000352500357326	0.000352500357326	0.000352500357326	-3.40282346639e+38	-3.40282346639e+38	
-3.40282346639e+38	0.000352500357327	0.000352500357327	0.000352500357327	0.000352500357327	0.000352500357327	0.000352500357327	0.000352500357327	0.000352500357327	-3.40282346639e+38	-3.40282346639e+38	
-3.40282346639e+38	0.000352500357328	0.000352500357328	0.000352500357328	0.000352500357328	0.000352500357328	0.000352500357328	0.000352500357328	0.000352500357328	-3.40282346639e+38	-3.40282346639e+38	
-3.40282346639e+38	0.000352500357328	0.000352500357328	0.000352500357328	0.000352500357328	0.000352500357328	0.000352500357328	0.000352500357328	0.000352500357328	-3.40282346639e+38	-3.40282346639e+38	
-3.40282346639e+38	0.000352500357329	0.000352500357329	0.000352500357329	0.000352500357329	0.000352500357329	0.000352500357329	0.000352500357329	0.000352500357329	-3.40282346639e+38	-3.40282346639e+38	
-3.40282346639e+38	0.000352500357329	0.000352500357329	0.000352500357329	0.000352500357329	0.000352500357329	0.000352500357329	0.000352500357329	0.000352500357329	-3.40282346639e+38	-3.40282346639e+38	
-3.40282346639e+38	0.000352500357329	0.000352500357329	0.000352500357329	0.000352500357329	0.000352500357329	0.000352500357329	0.000352500357329	0.000352500357329	-3.40282346639e+38	-3.40282346639e+38	
-3.40282346639e+38	0.00035250035733	0.00035250035733	0.00035250035733	0.00035250035733	0.00035250035733	0.00035250035733	0.00035250035733	0.00035250035733	-3.40282346639e+38	-3.40282346639e+38	
-3.40282346639e+38	0.00035250035733	0.00035250035733	0.00035250035733	0.00035250035733	0.00035250035733	0.00035250035733	0.00035250035733	0.00035250035733	-3.40282346639e+38	-3.40282346639e+38	
-3.40282346639e+38	0.00035250035733	0.00035250035733	0.00035250035733	0.00035250035733	0.00035250035733	0.00035250035733	0.00035250035733	0.00035250035733	-3.40282346639e+38	-3.40282346639e+38	
-3.40282346639e+38	0.000352500357331	0.000352500357331	0.000352500357331	0.000352500357331	0.000352500357331	0.000352500357331	0.000352500357331	0.000352500357331	-3.40282346639e+38	-3.40282346639e+38	
-3.40282346639e+38	0.000352500357331	0.000352500357331	0.000352500357331	0.000352500357331	0.000352500357331	0.000352500357331	0.000352500357331	0.000352500357331	-3.40282346639e+38	-3.40282346639e+38	
-3.40282346639e+38	0.000352500357331	0.000352500357331	0.000352500357331	0.000352500357331	0.000352500357331	0.000352500357331	0.000352500357331	0.000352500357331	-3.40282346639e+38	-3.40282346639e+38	
-3.40282346639e+38	0.000352500357331	0.000352500357331	0.000352500357331	0.000352500357331	0.000352500357331	0.000352500357331	0.000352500357331	0.000352500357331	-3.40282346639e+38	-3.40282346639e+38	
-3.40282346639e+38	0.000352500357331	0.000352500357331	0.000352500357331	0.000352500357331	0.000352500357331	0.000352500357331	0.000352500357331	0.000352500357331	-3.40282346639e+38	-3.40282346639e+38	
-3.40282346639e+38	0.000352500357331	0.000352500357331	0.000352500357331	0.000352500357331	0.000352500357331	0.000352500357331	0.000352500357331	0.000352500357331	-3.40282346639e+38	-3.40282346639e+38	
-3.40282346639e+38	0.000352500357331	0.000352500357331	0.000352500357331	0.000352500357331	0.000352500357331	0.000352500357331	0.000352500357331	0.000352500357331	-3.40282346639e+38	-3.40282346639e+38	
-3.40282346639e+38	0.000352500357332	0.000352500357332	0.000352500357332	0.000352500357332	0.000352500357332	0.000352500357332	0.000352500357332	0.000352500357332	-3.40282346639e+38	-3.40282346639e+38	
-3.40282346639e+38	0.000352500357332	0.000352500357332	0.000352500357332	0.000352500357332	0.000352500357332	0.000352500357332	0.000352500357332	0.000352500357332	-3.40282346639e+38	-3.40282346639e+38	
-3.40282346639e+38	0.000352500357332	0.000352500357332	0.000352500357332	0.000352500357332	0.000352500357332	0.000352500357332	0.000352500357332	0.000352500357332	-3.40282346639e+38	-3.40282346639e+38	
-3.40282346639e+38	0.000352500357332	0.000352500357332	0.000352500357332	0.000352500357332	0.000352500357332	0.000352500357332	0.000352500357332	0.000352500357332	-3.40282346639e+38	-3.40282346639e+38	
-3.40282346639e+38	0.000352500357332	0.000352500357332	0.000352500357332	0.000352500357332	0.000352500357332	0.000352500357332	0.000352500357332	0.000352500357332	-3.40282346639e+38	-3.40282346639e+38	
-3.40282346639e+38	0.000352500357332	0.000352500357332	0.000352500357332	0.000352500357332	0.000352500357332	0.000352500357332	0.000352500357332	0.000352500357332	-3.40282346639e+38	-3.40282346639e+38	
-3.40282346639e+38	0.000352500357332	0.000352500357332	0.000352500357332	0.000352500357332	0.000352500357332	0.000352500357332	0.000352500357332	0.000352500357332	-3.40282346639e+38	-3.40282346639e+38	
-3.40282346639e+38	0.000352500357332	0.000352500357332	0.000352500357332	0.000352500357332	0.000352500357332	0.000352500357332	0.000352500357332	0.000352500357332	-3.40282346639e+38	-3.40282346639e+38	
-3.40282346639e+38	0.000352500357332	0.000352500357332	0.000352500357332	0.000352500357332	0.000352500357332	0.000352500357332	0.000352500357332	0.000352500357332	-3.40282346639e+38	-3.40282346639e+38	
-3.40282346639e+38	0.000352500357332	0.000352500357332	0.000352500357332	0.000352500357332	0.000352500357332	0.000352500357332	0.000352500357332	0.000352500357332	-3.40282346639e+38	-3.40282346639e+38	
-3.40282346639e+38	-3.40282346639e+38	-3.40282346639e+38	-3.40282346639e+38	-3.40282346639e+38	-3.40282346639e+38	-3.40282346639e+38	-3.40282346639e+38	-3.40282346639e+38	-3.40282346639e+38	-3.40282346639e+38	
