out/0000000028h.asc
ncols 11
nrows 101
xllcorner -0.5
yllcorner -0.5
cellsize 1.0
nodata_value -3.40282346639e+38
-3.40282346639e+38	-3.40282346639e+38	-3.40282346639e+38	-3.40282346639e+38	-3.40282346639e+38	-3.40282346639e+38	-3.40282346639e+38	-3.40282346639e+38	-3.40282346639e+38	-3.40282346639e+38	-3.40282346639e+38	
-3.40282346639e+38	-3.40282346639e+38	-3.40282346639e+38	-3.40282346639e+38	-3.40282346639e+38	-3.40282346639e+38	-3.40282346639e+38	-3.40282346639e+38	-3.40282346639e+38	-3.40282346639e+38	-3.40282346639e+38	
-3.40282346639e+38	0.000282796469667	0.000282796469667	0.000282796469667	0.000282796469667	0.000282796469667	0.000282796469667	0.000282796469667	0.000282796469667	-3.40282346639e+38	-3.40282346639e+38	
-3.40282346639e+38	0.000285482166942	0.000285482166942	0.000285482166942	0.000285482166942	0.000285482166942	0.000285482166942	0.000285482166942	0.000285482166942	-3.40282346639e+38	-3.40282346639e+38	
-3.40282346639e+38	0.000285760228965	0.000285760228965	0.000285760228965	0.000285760228965	0.000285760228965	0.000285760228965	0.000285760228965	0.000285760228965	-3.40282346639e+38	-3.40282346639e+38	
-3.40282346639e+38	0.000285783855761	0.000285783855761	0.000285783855761	0.000285783855761	0.000285783855761	0.000285783855761	0.000285783855761	0.000285783855761	-3.40282346639e+38	-3.40282346639e+38	
-3.40282346639e+38	0.000285785584957	0.000285785584957	0.000285785584957	0.000285785584957	0.000285785584957	0.000285785584957	0.000285785584957	0.000285785584957	-3.40282346639e+38	-3.40282346639e+38	
-3.40282346639e+38	0.00028578570944	0.00028578570944	0.00028578570944	0.00028578570944	0.00028578570944	0.00028578570944	0.00028578570944	0.00028578570944	-3.40282346639e+38	-3.40282346639e+38	
-3.40282346639e+38	0.000285785728902	0.000285785728902	0.000285785728902	0.000285785728902	0.000285785728902	0.000285785728902	0.000285785728902	0.000285785728902	-3.40282346639e+38	-3.40282346639e+38	
-3.40282346639e+38	0.000285785740536	0.000285785740536	0.000285785740536	0.000285785740536	0.000285785740536	0.000285785740536	0.000285785740536	0.000285785740536	-3.40282346639e+38	-3.40282346639e+38	
-3.40282346639e+38	0.000285785750214	0.000285785750214	0.000285785750214	0.000285785750214	0.000285785750214	0.000285785750214	0.000285785750214	0.000285785750214	-3.40282346639e+38	-3.40282346639e+38	
-3.40282346639e+38	0.000285785758465	0.000285785758465	0.000285785758465	0.000285785758465	0.000285785758465	0.000285785758465	0.000285785758465	0.000285785758465	-3.40282346639e+38	-3.40282346639e+38	
-3.40282346639e+38	0.000285785765507	0.000285785765507	0.000285785765507	0.000285785765507	0.000285785765507	0.000285785765507	0.000285785765507	0.000285785765507	-3.40282346639e+38	-3.40282346639e+38	
-3.40282346639e+38	0.000285785771514	0.000285785771514	0.000285785771514	0.000285785771514	0.000285785771514	0.000285785771514	0.000285785771514	0.000285785771514	-3.40282346639e+38	-3.40282346639e+38	
-3.40282346639e+38	0.000285785776637	0.000285785776637	0.000285785776637	0.000285785776637	0.000285785776637	0.000285785776637	0.000285785776637	0.000285785776637	-3.40282346639e+38	-3.40282346639e+38	
-3.40282346639e+38	0.000285785781006	0.000285785781006	0.000285785781006	0.000285785781006	0.000285785781006	0.000285785781006	0.000285785781006	0.000285785781006	-3.40282346639e+38	-3.40282346639e+38	
-3.40282346639e+38	0.000285785784732	0.000285785784732	0.000285785784732	0.000285785784732	0.000285785784732	0.000285785784732	0.000285785784732	0.000285785784732	-3.40282346639e+38	-3.40282346639e+38	
-3.40282346639e+38	0.000285785787908	0.000285785787908	0.000285785787908	0.000285785787908	0.000285785787908	0.000285785787908	0.000285785787908	0.000285785787908	-3.40282346639e+38	-3.40282346639e+38	
-3.40282346639e+38	0.000285785790616	0.000285785790616	0.000285785790616	0.000285785790616	0.000285785790616	0.000285785790616	0.000285785790616	0.000285785790616	-3.40282346639e+38	-3.40282346639e+38	
-3.40282346639e+38	0.000285785792926	0.000285785792926	0.000285785792926	0.000285785792926	0.000285785792926	0.000285785792926	0.000285785792926	0.000285785792926	-3.40282346639e+38	-3.40282346639e+38	
-3.40282346639e+38	0.000285785794895	0.000285785794895	0.000285785794895	0.000285785794895	0.000285785794895	0.000285785794895	0.000285785794895	0.000285785794895	-3.40282346639e+38	-3.40282346639e+38	
-3.40282346639e+38	0.000285785796575	0.000285785796575	0.000285785796575	0.000285785796575	0.000285785796575	0.000285785796575	0.000285785796575	0.000285785796575	-3.40282346639e+38	-3.40282346639e+38	
-3.40282346639e+38	0.000285785798009	0.000285785798009	0.000285785798009	0.000285785798009	0.000285785798009	0.000285785798009	0.000285785798009	0.000285785798009	-3.40282346639e+38	-3.40282346639e+38	
-3.40282346639e+38	0.000285785799232	0.000285785799232	0.000285785799232	0.000285785799232	0.000285785799232	0.000285785799232	0.000285785799232	0.000285785799232	-3.40282346639e+38	-3.40282346639e+38	
-3.40282346639e+38	0.000285785800276	0.000285785800276	0.000285785800276	0.000285785800276	0.000285785800276	0.000285785800276	0.000285785800276	0.000285785800276	-3.40282346639e+38	-3.40282346639e+38	
-3.40282346639e+38	0.000285785801168	0.000285785801168	0.000285785801168	0.000285785801168	0.000285785801168	0.000285785801168	0.000285785801168	0.000285785801168	-3.40282346639e+38	-3.40282346639e+38	
-3.40282346639e+38	0.00028578580193	0.00028578580193	0.00028578580193	0.00028578580193	0.00028578580193	0.00028578580193	0.00028578580193	0.00028578580193	-3.40282346639e+38	-3.40282346639e+38	
-3.40282346639e+38	0.00028578580258	0.00028578580258	0.00028578580258	0.00028578580258	0.00028578580258	0.00028578580258	0.00028578580258	0.00028578580258	-3.40282346639e+38	-3.40282346639e+38	
-3.40282346639e+38	0.000285785803137	0.000285785803137	0.000285785803137	0.000285785803137	0.000285785803137	0.000285785803137	0.000285785803137	0.000285785803137	-3.40282346639e+38	-3.40282346639e+38	
-3.40282346639e+38	0.000285785803612	0.000285785803612	0.000285785803612	0.000285785803612	0.000285785803612	0.000285785803612	0.000285785803612	0.000285785803612	-3.40282346639e+38	-3.40282346639e+38	
-3.40282346639e+38	0.000285785804019	0.000285785804019	0.000285785804019	0.000285785804019	0.000285785804019	0.000285785804019	0.000285785804019	0.000285785804019	-3.40282346639e+38	-3.40282346639e+38	
-3.40282346639e+38	0.000285785804367	0.000285785804367	0.000285785804367	0.000285785804367	0.000285785804367	0.000285785804367	0.000285785804367	0.000285785804367	-3.40282346639e+38	-3.40282346639e+38	
-3.40282346639e+38	0.000285785804665	0.000285785804665	0.000285785804665	0.000285785804665	0.000285785804665	0.000285785804665	0.000285785804665	0.000285785804665	-3.40282346639e+38	-3.40282346639e+38	
-3.40282346639e+38	0.000285785804921	0.000285785804921	0.000285785804921	0.000285785804921	0.000285785804921	0.000285785804921	0.000285785804921	0.000285785804921	-3.40282346639e+38	-3.40282346639e+38	
-3.40282346639e+38	0.000285785805139	0.000285785805139	0.000285785805139	0.000285785805139	0.000285785805139	0.000285785805139	0.000285785805139	0.000285785805139	-3.40282346639e+38	-3.40282346639e+38	
-3.40282346639e+38	0.000285785805327	0.000285785805327	0.000285785805327	0.000285785805327	0.000285785805327	0.000285785805327	0.000285785805327	0.000285785805327	-3.40282346639e+38	-3.40282346639e+38	
-3.40282346639e+38	0.000285785805488	0.000285785805488	0.000285785805488	0.000285785805488	0.000285785805488	0.000285785805488	0.000285785805488	0.000285785805488	-3.40282346639e+38	-3.40282346639e+38	
-3.40282346639e+38	0.000285785805626	0.000285785805626	0.000285785805626	0.000285785805626	0.000285785805626	0.000285785805626	0.000285785805626	0.000285785805626	-3.40282346639e+38	-3.40282346639e+38	
-3.40282346639e+38	0.000285785805744	0.000285785805744	0.000285785805744	0.000285785805744	0.000285785805744	0.000285785805744	0.000285785805744	0.000285785805744	-3.40282346639e+38	-3.40282346639e+38	
-3.40282346639e+38	0.000285785805846	0.000285785805846	0.000285785805846	0.000285785805846	0.000285785805846	0.000285785805846	0.000285785805846	0.000285785805846	-3.40282346639e+38	-3.40282346639e+38	
-3.40282346639e+38	0.000285785805933	0.000285785805933	0.000285785805933	0.000285785805933	0.000285785805933	0.000285785805933	0.000285785805933	0.000285785805933	-3.40282346639e+38	-3.40282346639e+38	
-3.40282346639e+38	0.000285785806008	0.000285785806008	0.000285785806008	0.000285785806008	0.000285785806008	0.000285785806008	0.000285785806008	0.000285785806008	-3.40282346639e+38	-3.40282346639e+38	
-3.40282346639e+38	0.000285785806073	0.000285785806073	0.000285785806073	0.000285785806073	0.000285785806073	0.000285785806073	0.000285785806073	0.000285785806073	-3.40282346639e+38	-3.40282346639e+38	
-3.40282346639e+38	0.000285785806129	0.000285785806129	0.000285785806129	0.000285785806129	0.000285785806129	0.000285785806129	0.000285785806129	0.000285785806129	-3.40282346639e+38	-3.40282346639e+38	
-3.40282346639e+38	0.000285785806176	0.000285785806176	0.000285785806176	0.000285785806176	0.000285785806176	0.000285785806176	0.000285785806176	0.000285785806176	-3.40282346639e+38	-3.40282346639e+38	
-3.40282346639e+38	0.000285785806218	0.000285785806218	0.000285785806218	0.000285785806218	0.000285785806218	0.000285785806218	0.000285785806218	0.000285785806218	-3.40282346639e+38	-3.40282346639e+38	
-3.40282346639e+38	0.000285785806253	0.000285785806253	0.000285785806253	0.000285785806253	0.000285785806253	0.000285785806253	0.000285785806253	0.000285785806253	-3.40282346639e+38	-3.40282346639e+38	
-3.40282346639e+38	0.000285785806284	0.000285785806284	0.000285785806284	0.000285785806284	0.000285785806284	0.000285785806284	0.000285785806284	0.000285785806284	-3.40282346639e+38	-3.40282346639e+38	
-3.40282346639e+38	0.00028578580631	0.00028578580631	0.00028578580631	0.00028578580631	0.00028578580631	0.00028578580631	0.00028578580631	0.00028578580631	-3.40282346639e+38	-3.40282346639e+38	
-3.40282346639e+38	0.000285785806333	0.000285785806333	0.000285785806333	0.000285785806333	0.000285785806333	0.000285785806333	0.000285785806333	0.000285785806333	-3.40282346639e+38	-3.40282346639e+38	
-3.40282346639e+38	0.000285785806353	0.000285785806353	0.000285785806353	0.000285785806353	0.000285785806353	0.000285785806353	0.000285785806353	0.000285785806353	-3.40282346639e+38	-3.40282346639e+38	
-3.40282346639e+38	0.00028578580637	0.00028578580637	0.00028578580637	0.00028578580637	0.00028578580637	0.00028578580637	0.00028578580637	0.00028578580637	-3.40282346639e+38	-3.40282346639e+38	
-3.40282346639e+38	0.000285785806385	0.000285785806385	0.000285785806385	0.000285785806385	0.000285785806385	0.000285785806385	0.000285785806385	0.000285785806385	-3.40282346639e+38	-3.40282346639e+38	
-3.40282346639e+38	0.000285785806397	0.000285785806397	0.000285785806397	0.000285785806397	0.000285785806397	0.000285785806397	0.000285785806397	0.000285785806397	-3.40282346639e+38	-3.40282346639e+38	
-3.40282346639e+38	0.000285785806408	0.000285785806408	0.000285785806408	0.000285785806408	0.000285785806408	0.000285785806408	0.000285785806408	0.000285785806408	-3.40282346639e+38	-3.40282346639e+38	
-3.40282346639e+38	0.000285785806418	0.000285785806418	0.000285785806418	0.000285785806418	0.000285785806418	0.000285785806418	0.000285785806418	0.000285785806418	-3.40282346639e+38	-3.40282346639e+38	
-3.40282346639e+38	0.000285785806426	0.000285785806426	0.000285785806426	0.000285785806426	0.000285785806426	0.000285785806426	0.000285785806426	0.000285785806426	-3.40282346639e+38	-3.40282346639e+38	
-3.40282346639e+38	0.000285785806433	0.000285785806433	0.000285785806433	0.000285785806433	0.000285785806433	0.000285785806433	0.000285785806433	0.000285785806433	-3.40282346639e+38	-3.40282346639e+38	
-3.40282346639e+38	0.000285785806439	0.000285785806439	0.000285785806439	0.000285785806439	0.000285785806439	0.000285785806439	0.000285785806439	0.000285785806439	-3.40282346639e+38	-3.40282346639e+38	
-3.40282346639e+38	0.000285785806445	0.000285785806445	0.000285785806445	0.000285785806445	0.000285785806445	0.000285785806445	0.000285785806445	0.000285785806445	-3.40282346639e+38	-3.40282346639e+38	
-3.40282346639e+38	0.00028578580645	0.00028578580645	0.00028578580645	0.00028578580645	0.00028578580645	0.00028578580645	0.00028578580645	0.00028578580645	-3.40282346639e+38	-3.40282346639e+38	
-3.40282346639e+38	0.000285785806454	0.000285785806454	0.000285785806454	0.000285785806454	0.000285785806454	0.000285785806454	0.000285785806454	0.000285785806454	-3.40282346639e+38	-3.40282346639e+38	
-3.40282346639e+38	0.000285785806457	0.000285785806457	0.000285785806457	0.000285785806457	0.000285785806457	0.000285785806457	0.000285785806457	0.000285785806457	-3.40282346639e+38	-3.40282346639e+38	
-3.40282346639e+38	0.00028578580646	0.00028578580646	0.00028578580646	0.00028578580646	0.00028578580646	0.00028578580646	0.00028578580646	0.00028578580646	-3.40282346639e+38	-3.40282346639e+38	
-3.40282346639e+38	0.000285785806463	0.000285785806463	0.000285785806463	0.000285785806463	0.000285785806463	0.000285785806463	0.000285785806463	0.000285785806463	-3.40282346639e+38	-3.40282346639e+38	
-3.40282346639e+38	0.000285785806465	0.000285785806465	0.000285785806465	0.000285785806465	0.000285785806465	0.000285785806465	0.000285785806465	0.000285785806465	-3.40282346639e+38	-3.40282346639e+38	
-3.40282346639e+38	0.000285785806467	0.000285785806467	0.000285785806467	0.000285785806467	0.000285785806467	0.000285785806467	0.000285785806467	0.000285785806467	-3.40282346639e+38	-3.40282346639e+38	
-3.40282346639e+38	0.000285785806469	0.000285785806469	0.000285785806469	0.000285785806469	0.000285785806469	0.000285785806469	0.000285785806469	0.000285785806469	-3.40282346639e+38	-3.40282346639e+38	
-3.40282346639e+38	0.000285785806471	0.000285785806471	0.000285785806471	0.000285785806471	0.000285785806471	0.000285785806471	0.000285785806471	0.000285785806471	-3.40282346639e+38	-3.40282346639e+38	
-3.40282346639e+38	0.000285785806472	0.000285785806472	0.000285785806472	0.000285785806472	0.000285785806472	0.000285785806472	0.000285785806472	0.000285785806472	-3.40282346639e+38	-3.40282346639e+38	
-3.40282346639e+38	0.000285785806473	0.000285785806473	0.000285785806473	0.000285785806473	0.000285785806473	0.000285785806473	0.000285785806473	0.000285785806473	-3.40282346639e+38	-3.40282346639e+38	
-3.40282346639e+38	0.000285785806474	0.000285785806474	0.000285785806474	0.000285785806474	0.000285785806474	0.000285785806474	0.000285785806474	0.000285785806474	-3.40282346639e+38	-3.40282346639e+38	
-3.40282346639e+38	0.000285785806475	0.000285785806475	0.000285785806475	0.000285785806475	0.000285785806475	0.000285785806475	0.000285785806475	0.000285785806475	-3.40282346639e+38	-3.40282346639e+38	
-3.40282346639e+38	0.000285785806476	0.000285785806476	0.000285785806476	0.000285785806476	0.000285785806476	0.000285785806476	0.000285785806476	0.000285785806476	-3.40282346639e+38	-3.40282346639e+38	
-3.40282346639e+38	0.000285785806477	0.000285785806477	0.000285785806477	0.000285785806477	0.000285785806477	0.000285785806477	0.000285785806477	0.000285785806477	-3.40282346639e+38	-3.40282346639e+38	
-3.40282346639e+38	0.000285785806477	0.000285785806477	0.000285785806477	0.000285785806477	0.000285785806477	0.000285785806477	0.000285785806477	0.000285785806477	-3.40282346639e+38	-3.40282346639e+38	
-3.40282346639e+38	0.000285785806478	0.000285785806478	0.000285785806478	0.000285785806478	0.000285785806478	0.000285785806478	0.000285785806478	0.000285785806478	-3.40282346639e+38	-3.40282346639e+38	
-3.40282346639e+38	0.000285785806478	0.000285785806478	0.000285785806478	0.000285785806478	0.000285785806478	0.000285785806478	0.000285785806478	0.000285785806478	-3.40282346639e+38	-3.40282346639e+38	
-3.40282346639e+38	0.000285785806479	0.000285785806479	0.000285785806479	0.000285785806479	0.000285785806479	0.000285785806479	0.000285785806479	0.000285785806479	-3.40282346639e+38	-3.40282346639e+38	
-3.40282346639e+38	0.000285785806479	0.000285785806479	0.000285785806479	0.000285785806479	0.000285785806479	0.000285785806479	0.000285785806479	0.000285785806479	-3.40282346639e+38	-3.40282346639e+38	
-3.40282346639e+38	0.000285785806479	0.000285785806479	0.000285785806479	0.000285785806479	0.000285785806479	0.000285785806479	0.000285785806479	0.000285785806479	-3.40282346639e+38	-3.40282346639e+38	
-3.40282346639e+38	0.00028578580648	0.00028578580648	0.00028578580648	0.00028578580648	0.00028578580648	0.00028578580648	0.00028578580648	0.00028578580648	-3.40282346639e+38	-3.40282346639e+38	
-3.40282346639e+38	0.00028578580648	0.00028578580648	0.00028578580648	0.00028578580648	0.00028578580648	0.00028578580648	0.00028578580648	0.00028578580648	-3.40282346639e+38	-3.40282346639e+38	
-3.40282346639e+38	0.00028578580648	0.00028578580648	0.00028578580648	0.00028578580648	0.00028578580648	0.00028578580648	0.00028578580648	0.00028578580648	-3.40282346639e+38	-3.40282346639e+38	
-3.40282346639e+38	0.00028578580648	0.00028578580648	0.00028578580648	0.00028578580648	0.00028578580648	0.00028578580648	0.00028578580648	0.00028578580648	-3.40282346639e+38	-3.40282346639e+38	
-3.40282346639e+38	0.000285785806481	0.000285785806481	0.000285785806481	0.000285785806481	0.000285785806481	0.000285785806481	0.000285785806481	0.000285785806481	-3.40282346639e+38	-3.40282346639e+38	
-3.40282346639e+38	0.000285785806481	0.000285785806481	0.000285785806481	0.000285785806481	0.000285785806481	0.000285785806481	0.000285785806481	0.000285785806481	-3.40282346639e+38	-3.40282346639e+38	
-3.40282346639e+38	0.000285785806481	0.000285785806481	0.000285785806481	0.000285785806481	0.000285785806481	0.000285785806481	0.000285785806481	0.000285785806481	-3.40282346639e+38	-3.40282346639e+38	
-3.40282346639e+38	0.000285785806481	0.000285785806481	0.000285785806481	0.000285785806481	0.000285785806481	0.000285785806481	0.000285785806481	0.000285785806481	-3.40282346639e+38	-3.40282346639e+38	
-3.40282346639e+38	0.000285785806481	0.000285785806481	0.000285785806481	0.000285785806481	0.000285785806481	0.000285785806481	0.000285785806481	0.000285785806481	-3.40282346639e+38	-3.40282346639e+38	
-3.40282346639e+38	0.000285785806481	0.000285785806481	0.000285785806481	0.000285785806481	0.000285785806481	0.000285785806481	0.000285785806481	0.000285785806481	-3.40282346639e+38	-3.40282346639e+38	
-3.40282346639e+38	0.000285785806481	0.000285785806481	0.000285785806481	0.000285785806481	0.000285785806481	0.000285785806481	0.000285785806481	0.000285785806481	-3.40282346639e+38	-3.40282346639e+38	
-3.40282346639e+38	0.000285785806481	0.000285785806481	0.000285785806481	0.000285785806481	0.000285785806481	0.000285785806481	0.000285785806481	0.000285785806481	-3.40282346639e+38	-3.40282346639e+38	
-3.40282346639e+38	0.000285785806481	0.000285785806481	0.000285785806481	0.000285785806481	0.000285785806481	0.000285785806481	0.000285785806481	0.000285785806481	-3.40282346639e+38	-3.40282346639e+38	
-3.40282346639e+38	0.000285785806481	0.000285785806481	0.000285785806481	0.000285785806481	0.000285785806481	0.000285785806481	0.000285785806481	0.000285785806481	-3.40282346639e+38	-3.40282346639e+38	
-3.40282346639e+38	0.000285785806481	0.000285785806481	0.000285785806481	0.000285785806481	0.000285785806481	0.000285785806481	0.000285785806481	0.000285785806481	-3.40282346639e+38	-3.40282346639e+38	
-3.40282346639e+38	0.000285785806482	0.000285785806482	0.000285785806482	0.000285785806482	0.000285785806482	0.000285785806482	0.000285785806482	0.000285785806482	-3.40282346639e+38	-3.40282346639e+38	
-3.40282346639e+38	0.000285785806482	0.000285785806482	0.000285785806482	0.000285785806482	0.000285785806482	0.000285785806482	0.000285785806482	0.000285785806482	-3.40282346639e+38	-3.40282346639e+38	
-3.40282346639e+38	0.000285785806482	0.000285785806482	0.000285785806482	0.000285785806482	0.000285785806482	0.000285785806482	0.000285785806482	0.000285785806482	-3.40282346639e+38	-3.40282346639e+38	
-3.40282346639e+38	0.000285785806482	0.000285785806482	0.000285785806482	0.000285785806482	0.000285785806482	0.000285785806482	0.000285785806482	0.000285785806482	-3.40282346639e+38	-3.40282346639e+38	
-3.40282346639e+38	-3.40282346639e+38	-3.40282346639e+38	-3.40282346639e+38	-3.40282346639e+38	-3.40282346639e+38	-3.40282346639e+38	-3.40282346639e+38	-3.40282346639e+38	-3.40282346639e+38	-3.40282346639e+38	
