out/0000000046h.asc
ncols 11
nrows 101
xllcorner -0.5
yllcorner -0.5
cellsize 1.0
nodata_value -3.40282346639e+38
-3.40282346639e+38	-3.40282346639e+38	-3.40282346639e+38	-3.40282346639e+38	-3.40282346639e+38	-3.40282346639e+38	-3.40282346639e+38	-3.40282346639e+38	-3.40282346639e+38	-3.40282346639e+38	-3.40282346639e+38	
-3.40282346639e+38	-3.40282346639e+38	-3.40282346639e+38	-3.40282346639e+38	-3.40282346639e+38	-3.40282346639e+38	-3.40282346639e+38	-3.40282346639e+38	-3.40282346639e+38	-3.40282346639e+38	-3.40282346639e+38	
-3.40282346639e+38	0.000465134493618	0.000465134493618	0.000465134493618	0.000465134493618	0.000465134493618	0.000465134493618	0.000465134493618	0.000465134493618	-3.40282346639e+38	-3.40282346639e+38	
-3.40282346639e+38	0.000482831300578	0.000482831300578	0.000482831300578	0.000482831300578	0.000482831300578	0.000482831300578	0.000482831300578	0.000482831300578	-3.40282346639e+38	-3.40282346639e+38	
-3.40282346639e+38	0.000486927875465	0.000486927875465	0.000486927875465	0.000486927875465	0.000486927875465	0.000486927875465	0.000486927875465	0.000486927875465	-3.40282346639e+38	-3.40282346639e+38	
-3.40282346639e+38	0.00048771363534	0.00048771363534	0.00048771363534	0.00048771363534	0.00048771363534	0.00048771363534	0.00048771363534	0.00048771363534	-3.40282346639e+38	-3.40282346639e+38	
-3.40282346639e+38	0.000487842035709	0.000487842035709	0.000487842035709	0.000487842035709	0.000487842035709	0.000487842035709	0.000487842035709	0.000487842035709	-3.40282346639e+38	-3.40282346639e+38	
-3.40282346639e+38	0.000487860391911	0.000487860391911	0.000487860391911	0.000487860391911	0.000487860391911	0.000487860391911	0.000487860391911	0.000487860391911	-3.40282346639e+38	-3.40282346639e+38	
-3.40282346639e+38	0.000487862744714	0.000487862744714	0.000487862744714	0.000487862744714	0.000487862744714	0.000487862744714	0.000487862744714	0.000487862744714	-3.40282346639e+38	-3.40282346639e+38	
-3.40282346639e+38	0.000487863027458	0.000487863027458	0.000487863027458	0.000487863027458	0.000487863027458	0.000487863027458	0.000487863027458	0.000487863027458	-3.40282346639e+38	-3.40282346639e+38	
-3.40282346639e+38	0.000487863066701	0.000487863066701	0.000487863066701	0.000487863066701	0.000487863066701	0.000487863066701	0.000487863066701	0.000487863066701	-3.40282346639e+38	-3.40282346639e+38	
-3.40282346639e+38	0.000487863078516	0.000487863078516	0.000487863078516	0.000487863078516	0.000487863078516	0.000487863078516	0.000487863078516	0.000487863078516	-3.40282346639e+38	-3.40282346639e+38	
-3.40282346639e+38	0.000487863086448	0.000487863086448	0.000487863086448	0.000487863086448	0.000487863086448	0.000487863086448	0.000487863086448	0.000487863086448	-3.40282346639e+38	-3.40282346639e+38	
-3.40282346639e+38	0.000487863093018	0.000487863093018	0.000487863093018	0.000487863093018	0.000487863093018	0.000487863093018	0.000487863093018	0.000487863093018	-3.40282346639e+38	-3.40282346639e+38	
-3.40282346639e+38	0.000487863098606	0.000487863098606	0.000487863098606	0.000487863098606	0.000487863098606	0.000487863098606	0.000487863098606	0.000487863098606	-3.40282346639e+38	-3.40282346639e+38	
-3.40282346639e+38	0.000487863103372	0.000487863103372	0.000487863103372	0.000487863103372	0.000487863103372	0.000487863103372	0.000487863103372	0.000487863103372	-3.40282346639e+38	-3.40282346639e+38	
-3.40282346639e+38	0.000487863107437	0.000487863107437	0.000487863107437	0.000487863107437	0.000487863107437	0.000487863107437	0.000487863107437	0.000487863107437	-3.40282346639e+38	-3.40282346639e+38	
-3.40282346639e+38	0.000487863110903	0.000487863110903	0.000487863110903	0.000487863110903	0.000487863110903	0.000487863110903	0.000487863110903	0.000487863110903	-3.40282346639e+38	-3.40282346639e+38	
-3.40282346639e+38	0.00048786311386	0.00048786311386	0.00048786311386	0.00048786311386	0.00048786311386	0.00048786311386	0.00048786311386	0.00048786311386	-3.40282346639e+38	-3.40282346639e+38	
-3.40282346639e+38	0.000487863116381	0.000487863116381	0.000487863116381	0.000487863116381	0.000487863116381	0.000487863116381	0.000487863116381	0.000487863116381	-3.40282346639e+38	-3.40282346639e+38	
-3.40282346639e+38	0.000487863118532	0.000487863118532	0.000487863118532	0.000487863118532	0.000487863118532	0.000487863118532	0.000487863118532	0.000487863118532	-3.40282346639e+38	-3.40282346639e+38	
-3.40282346639e+38	0.000487863120367	0.000487863120367	0.000487863120367	0.000487863120367	0.000487863120367	0.000487863120367	0.000487863120367	0.000487863120367	-3.40282346639e+38	-3.40282346639e+38	
-3.40282346639e+38	0.000487863121933	0.000487863121933	0.000487863121933	0.000487863121933	0.000487863121933	0.000487863121933	0.000487863121933	0.000487863121933	-3.40282346639e+38	-3.40282346639e+38	
-3.40282346639e+38	0.000487863123269	0.000487863123269	0.000487863123269	0.000487863123269	0.000487863123269	0.000487863123269	0.000487863123269	0.000487863123269	-3.40282346639e+38	-3.40282346639e+38	
-3.40282346639e+38	0.00048786312441	0.00048786312441	0.00048786312441	0.00048786312441	0.00048786312441	0.00048786312441	0.00048786312441	0.00048786312441	-3.40282346639e+38	-3.40282346639e+38	
-3.40282346639e+38	0.000487863125384	0.000487863125384	0.000487863125384	0.000487863125384	0.000487863125384	0.000487863125384	0.000487863125384	0.000487863125384	-3.40282346639e+38	-3.40282346639e+38	
-3.40282346639e+38	0.000487863126217	0.000487863126217	0.000487863126217	0.000487863126217	0.000487863126217	0.000487863126217	0.000487863126217	0.000487863126217	-3.40282346639e+38	-3.40282346639e+38	
-3.40282346639e+38	0.000487863126928	0.000487863126928	0.000487863126928	0.000487863126928	0.000487863126928	0.000487863126928	0.000487863126928	0.000487863126928	-3.40282346639e+38	-3.40282346639e+38	
-3.40282346639e+38	0.000487863127536	0.000487863127536	0.000487863127536	0.000487863127536	0.000487863127536	0.000487863127536	0.000487863127536	0.000487863127536	-3.40282346639e+38	-3.40282346639e+38	
-3.40282346639e+38	0.000487863128056	0.000487863128056	0.000487863128056	0.000487863128056	0.000487863128056	0.000487863128056	0.000487863128056	0.000487863128056	-3.40282346639e+38	-3.40282346639e+38	
-3.40282346639e+38	0.0004878631285	0.0004878631285	0.0004878631285	0.0004878631285	0.0004878631285	0.0004878631285	0.0004878631285	0.0004878631285	-3.40282346639e+38	-3.40282346639e+38	
-3.40282346639e+38	0.000487863128881	0.000487863128881	0.000487863128881	0.000487863128881	0.000487863128881	0.000487863128881	0.000487863128881	0.000487863128881	-3.40282346639e+38	-3.40282346639e+38	
-3.40282346639e+38	0.000487863129207	0.000487863129207	0.000487863129207	0.000487863129207	0.000487863129207	0.000487863129207	0.000487863129207	0.000487863129207	-3.40282346639e+38	-3.40282346639e+38	
-3.40282346639e+38	0.000487863129486	0.000487863129486	0.000487863129486	0.000487863129486	0.000487863129486	0.000487863129486	0.000487863129486	0.000487863129486	-3.40282346639e+38	-3.40282346639e+38	
-3.40282346639e+38	0.000487863129725	0.000487863129725	0.000487863129725	0.000487863129725	0.000487863129725	0.000487863129725	0.000487863129725	0.000487863129725	-3.40282346639e+38	-3.40282346639e+38	
-3.40282346639e+38	0.00048786312993	0.00048786312993	0.00048786312993	0.00048786312993	0.00048786312993	0.00048786312993	0.00048786312993	0.00048786312993	-3.40282346639e+38	-3.40282346639e+38	
-3.40282346639e+38	0.000487863130106	0.000487863130106	0.000487863130106	0.000487863130106	0.000487863130106	0.000487863130106	0.000487863130106	0.000487863130106	-3.40282346639e+38	-3.40282346639e+38	
-3.40282346639e+38	0.000487863130256	0.000487863130256	0.000487863130256	0.000487863130256	0.000487863130256	0.000487863130256	0.000487863130256	0.000487863130256	-3.40282346639e+38	-3.40282346639e+38	
-3.40282346639e+38	0.000487863130386	0.000487863130386	0.000487863130386	0.000487863130386	0.000487863130386	0.000487863130386	0.000487863130386	0.000487863130386	-3.40282346639e+38	-3.40282346639e+38	
-3.40282346639e+38	0.000487863130497	0.000487863130497	0.000487863130497	0.000487863130497	0.000487863130497	0.000487863130497	0.000487863130497	0.000487863130497	-3.40282346639e+38	-3.40282346639e+38	
-3.40282346639e+38	0.000487863130593	0.000487863130593	0.000487863130593	0.000487863130593	0.000487863130593	0.000487863130593	0.000487863130593	0.000487863130593	-3.40282346639e+38	-3.40282346639e+38	
-3.40282346639e+38	0.000487863130675	0.000487863130675	0.000487863130675	0.000487863130675	0.000487863130675	0.000487863130675	0.000487863130675	0.000487863130675	-3.40282346639e+38	-3.40282346639e+38	
-3.40282346639e+38	0.000487863130745	0.000487863130745	0.000487863130745	0.000487863130745	0.000487863130745	0.000487863130745	0.000487863130745	0.000487863130745	-3.40282346639e+38	-3.40282346639e+38	
-3.40282346639e+38	0.000487863130806	0.000487863130806	0.000487863130806	0.000487863130806	0.000487863130806	0.000487863130806	0.000487863130806	0.000487863130806	-3.40282346639e+38	-3.40282346639e+38	
-3.40282346639e+38	0.000487863130858	0.000487863130858	0.000487863130858	0.000487863130858	0.000487863130858	0.000487863130858	0.000487863130858	0.000487863130858	-3.40282346639e+38	-3.40282346639e+38	
-3.40282346639e+38	0.000487863130903	0.000487863130903	0.000487863130903	0.000487863130903	0.000487863130903	0.000487863130903	0.000487863130903	0.000487863130903	-3.40282346639e+38	-3.40282346639e+38	
-3.40282346639e+38	0.000487863130942	0.000487863130942	0.000487863130942	0.000487863130942	0.000487863130942	0.000487863130942	0.000487863130942	0.000487863130942	-3.40282346639e+38	-3.40282346639e+38	
-3.40282346639e+38	0.000487863130976	0.000487863130976	0.000487863130976	0.000487863130976	0.000487863130976	0.000487863130976	0.000487863130976	0.000487863130976	-3.40282346639e+38	-3.40282346639e+38	
-3.40282346639e+38	0.000487863131005	0.000487863131005	0.000487863131005	0.000487863131005	0.000487863131005	0.000487863131005	0.000487863131005	0.000487863131005	-3.40282346639e+38	-3.40282346639e+38	
-3.40282346639e+38	0.00048786313103	0.00048786313103	0.00048786313103	0.00048786313103	0.00048786313103	0.00048786313103	0.00048786313103	0.00048786313103	-3.40282346639e+38	-3.40282346639e+38	
-3.40282346639e+38	0.000487863131051	0.000487863131051	0.000487863131051	0.000487863131051	0.000487863131051	0.000487863131051	0.000487863131051	0.000487863131051	-3.40282346639e+38	-3.40282346639e+38	
-3.40282346639e+38	0.00048786313107	0.00048786313107	0.00048786313107	0.00048786313107	0.00048786313107	0.00048786313107	0.00048786313107	0.00048786313107	-3.40282346639e+38	-3.40282346639e+38	
-3.40282346639e+38	0.000487863131086	0.000487863131086	0.000487863131086	0.000487863131086	0.000487863131086	0.000487863131086	0.000487863131086	0.000487863131086	-3.40282346639e+38	-3.40282346639e+38	
-3.40282346639e+38	0.0004878631311	0.0004878631311	0.0004878631311	0.0004878631311	0.0004878631311	0.0004878631311	0.0004878631311	0.0004878631311	-3.40282346639e+38	-3.40282346639e+38	
-3.40282346639e+38	0.000487863131112	0.000487863131112	0.000487863131112	0.000487863131112	0.000487863131112	0.000487863131112	0.000487863131112	0.000487863131112	-3.40282346639e+38	-3.40282346639e+38	
-3.40282346639e+38	0.000487863131122	0.000487863131122	0.000487863131122	0.000487863131122	0.000487863131122	0.000487863131122	0.000487863131122	0.000487863131122	-3.40282346639e+38	-3.40282346639e+38	
-3.40282346639e+38	0.000487863131131	0.000487863131131	0.000487863131131	0.000487863131131	0.000487863131131	0.000487863131131	0.000487863131131	0.000487863131131	-3.40282346639e+38	-3.40282346639e+38	
-3.40282346639e+38	0.000487863131139	0.000487863131139	0.000487863131139	0.000487863131139	0.000487863131139	0.000487863131139	0.000487863131139	0.000487863131139	-3.40282346639e+38	-3.40282346639e+38	
-3.40282346639e+38	0.000487863131146	0.000487863131146	0.000487863131146	0.000487863131146	0.000487863131146	0.000487863131146	0.000487863131146	0.000487863131146	-3.40282346639e+38	-3.40282346639e+38	
-3.40282346639e+38	0.000487863131152	0.000487863131152	0.000487863131152	0.000487863131152	0.000487863131152	0.000487863131152	0.000487863131152	0.000487863131152	-3.40282346639e+38	-3.40282346639e+38	
-3.40282346639e+38	0.000487863131157	0.000487863131157	0.000487863131157	0.000487863131157	0.000487863131157	0.000487863131157	0.000487863131157	0.000487863131157	-3.40282346639e+38	-3.40282346639e+38	
-3.40282346639e+38	0.000487863131161	0.000487863131161	0.000487863131161	0.000487863131161	0.000487863131161	0.000487863131161	0.000487863131161	0.000487863131161	-3.40282346639e+38	-3.40282346639e+38	
-3.40282346639e+38	0.000487863131165	0.000487863131165	0.000487863131165	0.000487863131165	0.000487863131165	0.000487863131165	0.000487863131165	0.000487863131165	-3.40282346639e+38	-3.40282346639e+38	
-3.40282346639e+38	0.000487863131169	0.000487863131169	0.000487863131169	0.000487863131169	0.000487863131169	0.000487863131169	0.000487863131169	0.000487863131169	-3.40282346639e+38	-3.40282346639e+38	
-3.40282346639e+38	0.000487863131171	0.000487863131171	0.000487863131171	0.000487863131171	0.000487863131171	0.000487863131171	0.000487863131171	0.000487863131171	-3.40282346639e+38	-3.40282346639e+38	
-3.40282346639e+38	0.000487863131174	0.000487863131174	0.000487863131174	0.000487863131174	0.000487863131174	0.000487863131174	0.000487863131174	0.000487863131174	-3.40282346639e+38	-3.40282346639e+38	
-3.40282346639e+38	0.000487863131176	0.000487863131176	0.000487863131176	0.000487863131176	0.000487863131176	0.000487863131176	0.000487863131176	0.000487863131176	-3.40282346639e+38	-3.40282346639e+38	
-3.40282346639e+38	0.000487863131178	0.000487863131178	0.000487863131178	0.000487863131178	0.000487863131178	0.000487863131178	0.000487863131178	0.000487863131178	-3.40282346639e+38	-3.40282346639e+38	
-3.40282346639e+38	0.00048786313118	0.00048786313118	0.00048786313118	0.00048786313118	0.00048786313118	0.00048786313118	0.00048786313118	0.00048786313118	-3.40282346639e+38	-3.40282346639e+38	
-3.40282346639e+38	0.000487863131181	0.000487863131181	0.000487863131181	0.000487863131181	0.000487863131181	0.000487863131181	0.000487863131181	0.000487863131181	-3.40282346639e+38	-3.40282346639e+38	
-3.40282346639e+38	0.000487863131183	0.000487863131183	0.000487863131183	0.000487863131183	0.000487863131183	0.000487863131183	0.000487863131183	0.000487863131183	-3.40282346639e+38	-3.40282346639e+38	
-3.40282346639e+38	0.000487863131184	0.000487863131184	0.000487863131184	0.000487863131184	0.000487863131184	0.000487863131184	0.000487863131184	0.000487863131184	-3.40282346639e+38	-3.40282346639e+38	
-3.40282346639e+38	0.000487863131185	0.000487863131185	0.000487863131185	0.000487863131185	0.000487863131185	0.000487863131185	0.000487863131185	0.000487863131185	-3.40282346639e+38	-3.40282346639e+38	
-3.40282346639e+38	0.000487863131186	0.000487863131186	0.000487863131186	0.000487863131186	0.000487863131186	0.000487863131186	0.000487863131186	0.000487863131186	-3.40282346639e+38	-3.40282346639e+38	
-3.40282346639e+38	0.000487863131186	0.000487863131186	0.000487863131186	0.000487863131186	0.000487863131186	0.000487863131186	0.000487863131186	0.000487863131186	-3.40282346639e+38	-3.40282346639e+38	
-3.40282346639e+38	0.000487863131187	0.000487863131187	0.000487863131187	0.000487863131187	0.000487863131187	0.000487863131187	0.000487863131187	0.000487863131187	-3.40282346639e+38	-3.40282346639e+38	
-3.40282346639e+38	0.000487863131188	0.000487863131188	0.000487863131188	0.000487863131188	0.000487863131188	0.000487863131188	0.000487863131188	0.000487863131188	-3.40282346639e+38	-3.40282346639e+38	
-3.40282346639e+38	0.000487863131188	0.000487863131188	0.000487863131188	0.000487863131188	0.000487863131188	0.000487863131188	0.000487863131188	0.000487863131188	-3.40282346639e+38	-3.40282346639e+38	
-3.40282346639e+38	0.000487863131189	0.000487863131189	0.000487863131189	0.000487863131189	0.000487863131189	0.000487863131189	0.000487863131189	0.000487863131189	-3.40282346639e+38	-3.40282346639e+38	
-3.40282346639e+38	0.000487863131189	0.000487863131189	0.000487863131189	0.000487863131189	0.000487863131189	0.000487863131189	0.000487863131189	0.000487863131189	-3.40282346639e+38	-3.40282346639e+38	
-3.40282346639e+38	0.000487863131189	0.000487863131189	0.000487863131189	0.000487863131189	0.000487863131189	0.000487863131189	0.000487863131189	0.000487863131189	-3.40282346639e+38	-3.40282346639e+38	
-3.40282346639e+38	0.00048786313119	0.00048786313119	0.00048786313119	0.00048786313119	0.00048786313119	0.00048786313119	0.00048786313119	0.00048786313119	-3.40282346639e+38	-3.40282346639e+38	
-3.40282346639e+38	0.00048786313119	0.00048786313119	0.00048786313119	0.00048786313119	0.00048786313119	0.00048786313119	0.00048786313119	0.00048786313119	-3.40282346639e+38	-3.40282346639e+38	
-3.40282346639e+38	0.00048786313119	0.00048786313119	0.00048786313119	0.00048786313119	0.00048786313119	0.00048786313119	0.00048786313119	0.00048786313119	-3.40282346639e+38	-3.40282346639e+38	
-3.40282346639e+38	0.000487863131191	0.000487863131191	0.000487863131191	0.000487863131191	0.000487863131191	0.000487863131191	0.000487863131191	0.000487863131191	-3.40282346639e+38	-3.40282346639e+38	
-3.40282346639e+38	0.000487863131191	0.000487863131191	0.000487863131191	0.000487863131191	0.000487863131191	0.000487863131191	0.000487863131191	0.000487863131191	-3.40282346639e+38	-3.40282346639e+38	
-3.40282346639e+38	0.000487863131191	0.000487863131191	0.000487863131191	0.000487863131191	0.000487863131191	0.000487863131191	0.000487863131191	0.000487863131191	-3.40282346639e+38	-3.40282346639e+38	
-3.40282346639e+38	0.000487863131191	0.000487863131191	0.000487863131191	0.000487863131191	0.000487863131191	0.000487863131191	0.000487863131191	0.000487863131191	-3.40282346639e+38	-3.40282346639e+38	
-3.40282346639e+38	0.000487863131191	0.000487863131191	0.000487863131191	0.000487863131191	0.000487863131191	0.000487863131191	0.000487863131191	0.000487863131191	-3.40282346639e+38	-3.40282346639e+38	
-3.40282346639e+38	0.000487863131191	0.000487863131191	0.000487863131191	0.000487863131191	0.000487863131191	0.000487863131191	0.000487863131191	0.000487863131191	-3.40282346639e+38	-3.40282346639e+38	
-3.40282346639e+38	0.000487863131191	0.000487863131191	0.000487863131191	0.000487863131191	0.000487863131191	0.000487863131191	0.000487863131191	0.000487863131191	-3.40282346639e+38	-3.40282346639e+38	
-3.40282346639e+38	0.000487863131191	0.000487863131191	0.000487863131191	0.000487863131191	0.000487863131191	0.000487863131191	0.000487863131191	0.000487863131191	-3.40282346639e+38	-3.40282346639e+38	
-3.40282346639e+38	0.000487863131192	0.000487863131192	0.000487863131192	0.000487863131192	0.000487863131192	0.000487863131192	0.000487863131192	0.000487863131192	-3.40282346639e+38	-3.40282346639e+38	
-3.40282346639e+38	0.000487863131192	0.000487863131192	0.000487863131192	0.000487863131192	0.000487863131192	0.000487863131192	0.000487863131192	0.000487863131192	-3.40282346639e+38	-3.40282346639e+38	
-3.40282346639e+38	0.000487863131192	0.000487863131192	0.000487863131192	0.000487863131192	0.000487863131192	0.000487863131192	0.000487863131192	0.000487863131192	-3.40282346639e+38	-3.40282346639e+38	
-3.40282346639e+38	0.000487863131192	0.000487863131192	0.000487863131192	0.000487863131192	0.000487863131192	0.000487863131192	0.000487863131192	0.000487863131192	-3.40282346639e+38	-3.40282346639e+38	
-3.40282346639e+38	0.000487863131192	0.000487863131192	0.000487863131192	0.000487863131192	0.000487863131192	0.000487863131192	0.000487863131192	0.000487863131192	-3.40282346639e+38	-3.40282346639e+38	
-3.40282346639e+38	0.000487863131192	0.000487863131192	0.000487863131192	0.000487863131192	0.000487863131192	0.000487863131192	0.000487863131192	0.000487863131192	-3.40282346639e+38	-3.40282346639e+38	
-3.40282346639e+38	0.000487863131192	0.000487863131192	0.000487863131192	0.000487863131192	0.000487863131192	0.000487863131192	0.000487863131192	0.000487863131192	-3.40282346639e+38	-3.40282346639e+38	
-3.40282346639e+38	0.000487863131192	0.000487863131192	0.000487863131192	0.000487863131192	0.000487863131192	0.000487863131192	0.000487863131192	0.000487863131192	-3.40282346639e+38	-3.40282346639e+38	
-3.40282346639e+38	-3.40282346639e+38	-3.40282346639e+38	-3.40282346639e+38	-3.40282346639e+38	-3.40282346639e+38	-3.40282346639e+38	-3.40282346639e+38	-3.40282346639e+38	-3.40282346639e+38	-3.40282346639e+38	
