out/0000000027h.asc
ncols 11
nrows 101
xllcorner -0.5
yllcorner -0.5
cellsize 1.0
nodata_value -3.40282346639e+38
-3.40282346639e+38	-3.40282346639e+38	-3.40282346639e+38	-3.40282346639e+38	-3.40282346639e+38	-3.40282346639e+38	-3.40282346639e+38	-3.40282346639e+38	-3.40282346639e+38	-3.40282346639e+38	-3.40282346639e+38	
-3.40282346639e+38	-3.40282346639e+38	-3.40282346639e+38	-3.40282346639e+38	-3.40282346639e+38	-3.40282346639e+38	-3.40282346639e+38	-3.40282346639e+38	-3.40282346639e+38	-3.40282346639e+38	-3.40282346639e+38	
-3.40282346639e+38	0.000272187245146	0.000272187245146	0.000272187245146	0.000272187245146	0.000272187245146	0.000272187245146	0.000272187245146	0.000272187245146	-3.40282346639e+38	-3.40282346639e+38	
-3.40282346639e+38	0.000274503430835	0.000274503430835	0.000274503430835	0.000274503430835	0.000274503430835	0.000274503430835	0.000274503430835	0.000274503430835	-3.40282346639e+38	-3.40282346639e+38	
-3.40282346639e+38	0.000274729367377	0.000274729367377	0.000274729367377	0.000274729367377	0.000274729367377	0.000274729367377	0.000274729367377	0.000274729367377	-3.40282346639e+38	-3.40282346639e+38	
-3.40282346639e+38	0.000274747464062	0.000274747464062	0.000274747464062	0.000274747464062	0.000274747464062	0.000274747464062	0.000274747464062	0.000274747464062	-3.40282346639e+38	-3.40282346639e+38	
-3.40282346639e+38	0.000274748717689	0.000274748717689	0.000274748717689	0.000274748717689	0.000274748717689	0.000274748717689	0.000274748717689	0.000274748717689	-3.40282346639e+38	-3.40282346639e+38	
-3.40282346639e+38	0.000274748807384	0.000274748807384	0.000274748807384	0.000274748807384	0.000274748807384	0.000274748807384	0.000274748807384	0.000274748807384	-3.40282346639e+38	-3.40282346639e+38	
-3.40282346639e+38	0.000274748824574	0.000274748824574	0.000274748824574	0.000274748824574	0.000274748824574	0.000274748824574	0.000274748824574	0.000274748824574	-3.40282346639e+38	-3.40282346639e+38	
-3.40282346639e+38	0.000274748836039	0.000274748836039	0.000274748836039	0.000274748836039	0.000274748836039	0.000274748836039	0.000274748836039	0.000274748836039	-3.40282346639e+38	-3.40282346639e+38	
-3.40282346639e+38	0.000274748845675	0.000274748845675	0.000274748845675	0.000274748845675	0.000274748845675	0.000274748845675	0.000274748845675	0.000274748845675	-3.40282346639e+38	-3.40282346639e+38	
-3.40282346639e+38	0.000274748853895	0.000274748853895	0.000274748853895	0.000274748853895	0.000274748853895	0.000274748853895	0.000274748853895	0.000274748853895	-3.40282346639e+38	-3.40282346639e+38	
-3.40282346639e+38	0.00027474886091	0.00027474886091	0.00027474886091	0.00027474886091	0.00027474886091	0.00027474886091	0.00027474886091	0.00027474886091	-3.40282346639e+38	-3.40282346639e+38	
-3.40282346639e+38	0.000274748866894	0.000274748866894	0.000274748866894	0.000274748866894	0.000274748866894	0.000274748866894	0.000274748866894	0.000274748866894	-3.40282346639e+38	-3.40282346639e+38	
-3.40282346639e+38	0.000274748871998	0.000274748871998	0.000274748871998	0.000274748871998	0.000274748871998	0.000274748871998	0.000274748871998	0.000274748871998	-3.40282346639e+38	-3.40282346639e+38	
-3.40282346639e+38	0.00027474887635	0.00027474887635	0.00027474887635	0.00027474887635	0.00027474887635	0.00027474887635	0.00027474887635	0.00027474887635	-3.40282346639e+38	-3.40282346639e+38	
-3.40282346639e+38	0.000274748880061	0.000274748880061	0.000274748880061	0.000274748880061	0.000274748880061	0.000274748880061	0.000274748880061	0.000274748880061	-3.40282346639e+38	-3.40282346639e+38	
-3.40282346639e+38	0.000274748883225	0.000274748883225	0.000274748883225	0.000274748883225	0.000274748883225	0.000274748883225	0.000274748883225	0.000274748883225	-3.40282346639e+38	-3.40282346639e+38	
-3.40282346639e+38	0.000274748885923	0.000274748885923	0.000274748885923	0.000274748885923	0.000274748885923	0.000274748885923	0.000274748885923	0.000274748885923	-3.40282346639e+38	-3.40282346639e+38	
-3.40282346639e+38	0.000274748888224	0.000274748888224	0.000274748888224	0.000274748888224	0.000274748888224	0.000274748888224	0.000274748888224	0.000274748888224	-3.40282346639e+38	-3.40282346639e+38	
-3.40282346639e+38	0.000274748890186	0.000274748890186	0.000274748890186	0.000274748890186	0.000274748890186	0.000274748890186	0.000274748890186	0.000274748890186	-3.40282346639e+38	-3.40282346639e+38	
-3.40282346639e+38	0.00027474889186	0.00027474889186	0.00027474889186	0.00027474889186	0.00027474889186	0.00027474889186	0.00027474889186	0.00027474889186	-3.40282346639e+38	-3.40282346639e+38	
-3.40282346639e+38	0.000274748893287	0.000274748893287	0.000274748893287	0.000274748893287	0.000274748893287	0.000274748893287	0.000274748893287	0.000274748893287	-3.40282346639e+38	-3.40282346639e+38	
-3.40282346639e+38	0.000274748894506	0.000274748894506	0.000274748894506	0.000274748894506	0.000274748894506	0.000274748894506	0.000274748894506	0.000274748894506	-3.40282346639e+38	-3.40282346639e+38	
-3.40282346639e+38	0.000274748895546	0.000274748895546	0.000274748895546	0.000274748895546	0.000274748895546	0.000274748895546	0.000274748895546	0.000274748895546	-3.40282346639e+38	-3.40282346639e+38	
-3.40282346639e+38	0.000274748896434	0.000274748896434	0.000274748896434	0.000274748896434	0.000274748896434	0.000274748896434	0.000274748896434	0.000274748896434	-3.40282346639e+38	-3.40282346639e+38	
-3.40282346639e+38	0.000274748897193	0.000274748897193	0.000274748897193	0.000274748897193	0.000274748897193	0.000274748897193	0.000274748897193	0.000274748897193	-3.40282346639e+38	-3.40282346639e+38	
-3.40282346639e+38	0.000274748897841	0.000274748897841	0.000274748897841	0.000274748897841	0.000274748897841	0.000274748897841	0.000274748897841	0.000274748897841	-3.40282346639e+38	-3.40282346639e+38	
-3.40282346639e+38	0.000274748898395	0.000274748898395	0.000274748898395	0.000274748898395	0.000274748898395	0.000274748898395	0.000274748898395	0.000274748898395	-3.40282346639e+38	-3.40282346639e+38	
-3.40282346639e+38	0.000274748898869	0.000274748898869	0.000274748898869	0.000274748898869	0.000274748898869	0.000274748898869	0.000274748898869	0.000274748898869	-3.40282346639e+38	-3.40282346639e+38	
-3.40282346639e+38	0.000274748899275	0.000274748899275	0.000274748899275	0.000274748899275	0.000274748899275	0.000274748899275	0.000274748899275	0.000274748899275	-3.40282346639e+38	-3.40282346639e+38	
-3.40282346639e+38	0.000274748899621	0.000274748899621	0.000274748899621	0.000274748899621	0.000274748899621	0.000274748899621	0.000274748899621	0.000274748899621	-3.40282346639e+38	-3.40282346639e+38	
-3.40282346639e+38	0.000274748899918	0.000274748899918	0.000274748899918	0.000274748899918	0.000274748899918	0.000274748899918	0.000274748899918	0.000274748899918	-3.40282346639e+38	-3.40282346639e+38	
-3.40282346639e+38	0.000274748900173	0.000274748900173	0.000274748900173	0.000274748900173	0.000274748900173	0.000274748900173	0.000274748900173	0.000274748900173	-3.40282346639e+38	-3.40282346639e+38	
-3.40282346639e+38	0.00027474890039	0.00027474890039	0.00027474890039	0.00027474890039	0.00027474890039	0.00027474890039	0.00027474890039	0.00027474890039	-3.40282346639e+38	-3.40282346639e+38	
-3.40282346639e+38	0.000274748900577	0.000274748900577	0.000274748900577	0.000274748900577	0.000274748900577	0.000274748900577	0.000274748900577	0.000274748900577	-3.40282346639e+38	-3.40282346639e+38	
-3.40282346639e+38	0.000274748900737	0.000274748900737	0.000274748900737	0.000274748900737	0.000274748900737	0.000274748900737	0.000274748900737	0.000274748900737	-3.40282346639e+38	-3.40282346639e+38	
-3.40282346639e+38	0.000274748900875	0.000274748900875	0.000274748900875	0.000274748900875	0.000274748900875	0.000274748900875	0.000274748900875	0.000274748900875	-3.40282346639e+38	-3.40282346639e+38	
-3.40282346639e+38	0.000274748900993	0.000274748900993	0.000274748900993	0.000274748900993	0.000274748900993	0.000274748900993	0.000274748900993	0.000274748900993	-3.40282346639e+38	-3.40282346639e+38	
-3.40282346639e+38	0.000274748901094	0.000274748901094	0.000274748901094	0.000274748901094	0.000274748901094	0.000274748901094	0.000274748901094	0.000274748901094	-3.40282346639e+38	-3.40282346639e+38	
-3.40282346639e+38	0.000274748901181	0.000274748901181	0.000274748901181	0.000274748901181	0.000274748901181	0.000274748901181	0.000274748901181	0.000274748901181	-3.40282346639e+38	-3.40282346639e+38	
-3.40282346639e+38	0.000274748901256	0.000274748901256	0.000274748901256	0.000274748901256	0.000274748901256	0.000274748901256	0.000274748901256	0.000274748901256	-3.40282346639e+38	-3.40282346639e+38	
-3.40282346639e+38	0.00027474890132	0.00027474890132	0.00027474890132	0.00027474890132	0.00027474890132	0.00027474890132	0.00027474890132	0.00027474890132	-3.40282346639e+38	-3.40282346639e+38	
-3.40282346639e+38	0.000274748901376	0.000274748901376	0.000274748901376	0.000274748901376	0.000274748901376	0.000274748901376	0.000274748901376	0.000274748901376	-3.40282346639e+38	-3.40282346639e+38	
-3.40282346639e+38	0.000274748901423	0.000274748901423	0.000274748901423	0.000274748901423	0.000274748901423	0.000274748901423	0.000274748901423	0.000274748901423	-3.40282346639e+38	-3.40282346639e+38	
-3.40282346639e+38	0.000274748901465	0.000274748901465	0.000274748901465	0.000274748901465	0.000274748901465	0.000274748901465	0.000274748901465	0.000274748901465	-3.40282346639e+38	-3.40282346639e+38	
-3.40282346639e+38	0.0002747489015	0.0002747489015	0.0002747489015	0.0002747489015	0.0002747489015	0.0002747489015	0.0002747489015	0.0002747489015	-3.40282346639e+38	-3.40282346639e+38	
-3.40282346639e+38	0.00027474890153	0.00027474890153	0.00027474890153	0.00027474890153	0.00027474890153	0.00027474890153	0.00027474890153	0.00027474890153	-3.40282346639e+38	-3.40282346639e+38	
-3.40282346639e+38	0.000274748901557	0.000274748901557	0.000274748901557	0.000274748901557	0.000274748901557	0.000274748901557	0.000274748901557	0.000274748901557	-3.40282346639e+38	-3.40282346639e+38	
-3.40282346639e+38	0.000274748901579	0.000274748901579	0.000274748901579	0.000274748901579	0.000274748901579	0.000274748901579	0.000274748901579	0.000274748901579	-3.40282346639e+38	-3.40282346639e+38	
-3.40282346639e+38	0.000274748901599	0.000274748901599	0.000274748901599	0.000274748901599	0.000274748901599	0.000274748901599	0.000274748901599	0.000274748901599	-3.40282346639e+38	-3.40282346639e+38	
-3.40282346639e+38	0.000274748901616	0.000274748901616	0.000274748901616	0.000274748901616	0.000274748901616	0.000274748901616	0.000274748901616	0.000274748901616	-3.40282346639e+38	-3.40282346639e+38	
-3.40282346639e+38	0.000274748901631	0.000274748901631	0.000274748901631	0.000274748901631	0.000274748901631	0.000274748901631	0.000274748901631	0.000274748901631	-3.40282346639e+38	-3.40282346639e+38	
-3.40282346639e+38	0.000274748901643	0.000274748901643	0.000274748901643	0.000274748901643	0.000274748901643	0.000274748901643	0.000274748901643	0.000274748901643	-3.40282346639e+38	-3.40282346639e+38	
-3.40282346639e+38	0.000274748901654	0.000274748901654	0.000274748901654	0.000274748901654	0.000274748901654	0.000274748901654	0.000274748901654	0.000274748901654	-3.40282346639e+38	-3.40282346639e+38	
-3.40282346639e+38	0.000274748901664	0.000274748901664	0.000274748901664	0.000274748901664	0.000274748901664	0.000274748901664	0.000274748901664	0.000274748901664	-3.40282346639e+38	-3.40282346639e+38	
-3.40282346639e+38	0.000274748901672	0.000274748901672	0.000274748901672	0.000274748901672	0.000274748901672	0.000274748901672	0.000274748901672	0.000274748901672	-3.40282346639e+38	-3.40282346639e+38	
-3.40282346639e+38	0.000274748901679	0.000274748901679	0.000274748901679	0.000274748901679	0.000274748901679	0.000274748901679	0.000274748901679	0.000274748901679	-3.40282346639e+38	-3.40282346639e+38	
-3.40282346639e+38	0.000274748901685	0.000274748901685	0.000274748901685	0.000274748901685	0.000274748901685	0.000274748901685	0.000274748901685	0.000274748901685	-3.40282346639e+38	-3.40282346639e+38	
-3.40282346639e+38	0.000274748901691	0.000274748901691	0.000274748901691	0.000274748901691	0.000274748901691	0.000274748901691	0.000274748901691	0.000274748901691	-3.40282346639e+38	-3.40282346639e+38	
-3.40282346639e+38	0.000274748901695	0.000274748901695	0.000274748901695	0.000274748901695	0.000274748901695	0.000274748901695	0.000274748901695	0.000274748901695	-3.40282346639e+38	-3.40282346639e+38	
-3.40282346639e+38	0.0002747489017	0.0002747489017	0.0002747489017	0.0002747489017	0.0002747489017	0.0002747489017	0.0002747489017	0.0002747489017	-3.40282346639e+38	-3.40282346639e+38	
-3.40282346639e+38	0.000274748901703	0.000274748901703	0.000274748901703	0.000274748901703	0.000274748901703	0.000274748901703	0.000274748901703	0.000274748901703	-3.40282346639e+38	-3.40282346639e+38	
-3.40282346639e+38	0.000274748901706	0.000274748901706	0.000274748901706	0.000274748901706	0.000274748901706	0.000274748901706	0.000274748901706	0.000274748901706	-3.40282346639e+38	-3.40282346639e+38	
-3.40282346639e+38	0.000274748901709	0.000274748901709	0.000274748901709	0.000274748901709	0.000274748901709	0.000274748901709	0.000274748901709	0.000274748901709	-3.40282346639e+38	-3.40282346639e+38	
-3.40282346639e+38	0.000274748901711	0.000274748901711	0.000274748901711	0.000274748901711	0.000274748901711	0.000274748901711	0.000274748901711	0.000274748901711	-3.40282346639e+38	-3.40282346639e+38	
-3.40282346639e+38	0.000274748901713	0.000274748901713	0.000274748901713	0.000274748901713	0.000274748901713	0.000274748901713	0.000274748901713	0.000274748901713	-3.40282346639e+38	-3.40282346639e+38	
-3.40282346639e+38	0.000274748901715	0.000274748901715	0.000274748901715	0.000274748901715	0.000274748901715	0.000274748901715	0.000274748901715	0.000274748901715	-3.40282346639e+38	-3.40282346639e+38	
-3.40282346639e+38	0.000274748901716	0.000274748901716	0.000274748901716	0.000274748901716	0.000274748901716	0.000274748901716	0.000274748901716	0.000274748901716	-3.40282346639e+38	-3.40282346639e+38	
-3.40282346639e+38	0.000274748901718	0.000274748901718	0.000274748901718	0.000274748901718	0.000274748901718	0.000274748901718	0.000274748901718	0.000274748901718	-3.40282346639e+38	-3.40282346639e+38	
-3.40282346639e+38	0.000274748901719	0.000274748901719	0.000274748901719	0.000274748901719	0.000274748901719	0.000274748901719	0.000274748901719	0.000274748901719	-3.40282346639e+38	-3.40282346639e+38	
-3.40282346639e+38	0.00027474890172	0.00027474890172	0.00027474890172	0.00027474890172	0.00027474890172	0.00027474890172	0.00027474890172	0.00027474890172	-3.40282346639e+38	-3.40282346639e+38	
-3.40282346639e+38	0.000274748901721	0.000274748901721	0.000274748901721	0.000274748901721	0.000274748901721	0.000274748901721	0.000274748901721	0.000274748901721	-3.40282346639e+38	-3.40282346639e+38	
-3.40282346639e+38	0.000274748901722	0.000274748901722	0.000274748901722	0.000274748901722	0.000274748901722	0.000274748901722	0.000274748901722	0.000274748901722	-3.40282346639e+38	-3.40282346639e+38	
-3.40282346639e+38	0.000274748901722	0.000274748901722	0.000274748901722	0.000274748901722	0.000274748901722	0.000274748901722	0.000274748901722	0.000274748901722	-3.40282346639e+38	-3.40282346639e+38	
-3.40282346639e+38	0.000274748901723	0.000274748901723	0.000274748901723	0.000274748901723	0.000274748901723	0.000274748901723	0.000274748901723	0.000274748901723	-3.40282346639e+38	-3.40282346639e+38	
-3.40282346639e+38	0.000274748901724	0.000274748901724	0.000274748901724	0.000274748901724	0.000274748901724	0.000274748901724	0.000274748901724	0.000274748901724	-3.40282346639e+38	-3.40282346639e+38	
-3.40282346639e+38	0.000274748901724	0.000274748901724	0.000274748901724	0.000274748901724	0.000274748901724	0.000274748901724	0.000274748901724	0.000274748901724	-3.40282346639e+38	-3.40282346639e+38	
-3.40282346639e+38	0.000274748901724	0.000274748901724	0.000274748901724	0.000274748901724	0.000274748901724	0.000274748901724	0.000274748901724	0.000274748901724	-3.40282346639e+38	-3.40282346639e+38	
-3.40282346639e+38	0.000274748901725	0.000274748901725	0.000274748901725	0.000274748901725	0.000274748901725	0.000274748901725	0.000274748901725	0.000274748901725	-3.40282346639e+38	-3.40282346639e+38	
-3.40282346639e+38	0.000274748901725	0.000274748901725	0.000274748901725	0.000274748901725	0.000274748901725	0.000274748901725	0.000274748901725	0.000274748901725	-3.40282346639e+38	-3.40282346639e+38	
-3.40282346639e+38	0.000274748901725	0.000274748901725	0.000274748901725	0.000274748901725	0.000274748901725	0.000274748901725	0.000274748901725	0.000274748901725	-3.40282346639e+38	-3.40282346639e+38	
-3.40282346639e+38	0.000274748901726	0.000274748901726	0.000274748901726	0.000274748901726	0.000274748901726	0.000274748901726	0.000274748901726	0.000274748901726	-3.40282346639e+38	-3.40282346639e+38	
-3.40282346639e+38	0.000274748901726	0.000274748901726	0.000274748901726	0.000274748901726	0.000274748901726	0.000274748901726	0.000274748901726	0.000274748901726	-3.40282346639e+38	-3.40282346639e+38	
-3.40282346639e+38	0.000274748901726	0.000274748901726	0.000274748901726	0.000274748901726	0.000274748901726	0.000274748901726	0.000274748901726	0.000274748901726	-3.40282346639e+38	-3.40282346639e+38	
-3.40282346639e+38	0.000274748901726	0.000274748901726	0.000274748901726	0.000274748901726	0.000274748901726	0.000274748901726	0.000274748901726	0.000274748901726	-3.40282346639e+38	-3.40282346639e+38	
-3.40282346639e+38	0.000274748901726	0.000274748901726	0.000274748901726	0.000274748901726	0.000274748901726	0.000274748901726	0.000274748901726	0.000274748901726	-3.40282346639e+38	-3.40282346639e+38	
-3.40282346639e+38	0.000274748901727	0.000274748901727	0.000274748901727	0.000274748901727	0.000274748901727	0.000274748901727	0.000274748901727	0.000274748901727	-3.40282346639e+38	-3.40282346639e+38	
-3.40282346639e+38	0.000274748901727	0.000274748901727	0.000274748901727	0.000274748901727	0.000274748901727	0.000274748901727	0.000274748901727	0.000274748901727	-3.40282346639e+38	-3.40282346639e+38	
-3.40282346639e+38	0.000274748901727	0.000274748901727	0.000274748901727	0.000274748901727	0.000274748901727	0.000274748901727	0.000274748901727	0.000274748901727	-3.40282346639e+38	-3.40282346639e+38	
-3.40282346639e+38	0.000274748901727	0.000274748901727	0.000274748901727	0.000274748901727	0.000274748901727	0.000274748901727	0.000274748901727	0.000274748901727	-3.40282346639e+38	-3.40282346639e+38	
-3.40282346639e+38	0.000274748901727	0.000274748901727	0.000274748901727	0.000274748901727	0.000274748901727	0.000274748901727	0.000274748901727	0.000274748901727	-3.40282346639e+38	-3.40282346639e+38	
-3.40282346639e+38	0.000274748901727	0.000274748901727	0.000274748901727	0.000274748901727	0.000274748901727	0.000274748901727	0.000274748901727	0.000274748901727	-3.40282346639e+38	-3.40282346639e+38	
-3.40282346639e+38	0.000274748901727	0.000274748901727	0.000274748901727	0.000274748901727	0.000274748901727	0.000274748901727	0.000274748901727	0.000274748901727	-3.40282346639e+38	-3.40282346639e+38	
-3.40282346639e+38	0.000274748901727	0.000274748901727	0.000274748901727	0.000274748901727	0.000274748901727	0.000274748901727	0.000274748901727	0.000274748901727	-3.40282346639e+38	-3.40282346639e+38	
-3.40282346639e+38	0.000274748901727	0.000274748901727	0.000274748901727	0.000274748901727	0.000274748901727	0.000274748901727	0.000274748901727	0.000274748901727	-3.40282346639e+38	-3.40282346639e+38	
-3.40282346639e+38	0.000274748901727	0.000274748901727	0.000274748901727	0.000274748901727	0.000274748901727	0.000274748901727	0.000274748901727	0.000274748901727	-3.40282346639e+38	-3.40282346639e+38	
-3.40282346639e+38	0.000274748901727	0.000274748901727	0.000274748901727	0.000274748901727	0.000274748901727	0.000274748901727	0.000274748901727	0.000274748901727	-3.40282346639e+38	-3.40282346639e+38	
-3.40282346639e+38	0.000274748901727	0.000274748901727	0.000274748901727	0.000274748901727	0.000274748901727	0.000274748901727	0.000274748901727	0.000274748901727	-3.40282346639e+38	-3.40282346639e+38	
-3.40282346639e+38	0.000274748901727	0.000274748901727	0.000274748901727	0.000274748901727	0.000274748901727	0.000274748901727	0.000274748901727	0.000274748901727	-3.40282346639e+38	-3.40282346639e+38	
-3.40282346639e+38	-3.40282346639e+38	-3.40282346639e+38	-3.40282346639e+38	-3.40282346639e+38	-3.40282346639e+38	-3.40282346639e+38	-3.40282346639e+38	-3.40282346639e+38	-3.40282346639e+38	-3.40282346639e+38	
