out/0000000043h.asc
ncols 11
nrows 101
xllcorner -0.5
yllcorner -0.5
cellsize 1.0
nodata_value -3.40282346639e+38
-3.40282346639e+38	-3.40282346639e+38	-3.40282346639e+38	-3.40282346639e+38	-3.40282346639e+38	-3.40282346639e+38	-3.40282346639e+38	-3.40282346639e+38	-3.40282346639e+38	-3.40282346639e+38	-3.40282346639e+38	
-3.40282346639e+38	-3.40282346639e+38	-3.40282346639e+38	-3.40282346639e+38	-3.40282346639e+38	-3.40282346639e+38	-3.40282346639e+38	-3.40282346639e+38	-3.40282346639e+38	-3.40282346639e+38	-3.40282346639e+38	
-3.40282346639e+38	0.000436372258282	0.000436372258282	0.000436372258282	0.000436372258282	0.000436372258282	0.000436372258282	0.000436372258282	0.000436372258282	-3.40282346639e+38	-3.40282346639e+38	
-3.40282346639e+38	0.000450337755755	0.000450337755755	0.000450337755755	0.000450337755755	0.000450337755755	0.000450337755755	0.000450337755755	0.000450337755755	-3.40282346639e+38	-3.40282346639e+38	
-3.40282346639e+38	0.00045324274674	0.00045324274674	0.00045324274674	0.00045324274674	0.00045324274674	0.00045324274674	0.00045324274674	0.00045324274674	-3.40282346639e+38	-3.40282346639e+38	
-3.40282346639e+38	0.000453741802044	0.000453741802044	0.000453741802044	0.000453741802044	0.000453741802044	0.000453741802044	0.000453741802044	0.000453741802044	-3.40282346639e+38	-3.40282346639e+38	
-3.40282346639e+38	0.000453814811196	0.000453814811196	0.000453814811196	0.000453814811196	0.000453814811196	0.000453814811196	0.000453814811196	0.000453814811196	-3.40282346639e+38	-3.40282346639e+38	
-3.40282346639e+38	0.000453824165684	0.000453824165684	0.000453824165684	0.000453824165684	0.000453824165684	0.000453824165684	0.000453824165684	0.000453824165684	-3.40282346639e+38	-3.40282346639e+38	
-3.40282346639e+38	0.000453825246885	0.000453825246885	0.000453825246885	0.000453825246885	0.000453825246885	0.000453825246885	0.000453825246885	0.000453825246885	-3.40282346639e+38	-3.40282346639e+38	
-3.40282346639e+38	0.000453825369659	0.000453825369659	0.000453825369659	0.000453825369659	0.000453825369659	0.000453825369659	0.000453825369659	0.000453825369659	-3.40282346639e+38	-3.40282346639e+38	
-3.40282346639e+38	0.000453825390554	0.000453825390554	0.000453825390554	0.000453825390554	0.000453825390554	0.000453825390554	0.000453825390554	0.000453825390554	-3.40282346639e+38	-3.40282346639e+38	
-3.40282346639e+38	0.000453825400324	0.000453825400324	0.000453825400324	0.000453825400324	0.000453825400324	0.000453825400324	0.000453825400324	0.000453825400324	-3.40282346639e+38	-3.40282346639e+38	
-3.40282346639e+38	0.000453825407947	0.000453825407947	0.000453825407947	0.000453825407947	0.000453825407947	0.000453825407947	0.000453825407947	0.000453825407947	-3.40282346639e+38	-3.40282346639e+38	
-3.40282346639e+38	0.000453825414392	0.000453825414392	0.000453825414392	0.000453825414392	0.000453825414392	0.000453825414392	0.000453825414392	0.000453825414392	-3.40282346639e+38	-3.40282346639e+38	
-3.40282346639e+38	0.000453825419887	0.000453825419887	0.000453825419887	0.000453825419887	0.000453825419887	0.000453825419887	0.000453825419887	0.000453825419887	-3.40282346639e+38	-3.40282346639e+38	
-3.40282346639e+38	0.000453825424573	0.000453825424573	0.000453825424573	0.000453825424573	0.000453825424573	0.000453825424573	0.000453825424573	0.000453825424573	-3.40282346639e+38	-3.40282346639e+38	
-3.40282346639e+38	0.00045382542857	0.00045382542857	0.00045382542857	0.00045382542857	0.00045382542857	0.00045382542857	0.00045382542857	0.00045382542857	-3.40282346639e+38	-3.40282346639e+38	
-3.40282346639e+38	0.000453825431978	0.000453825431978	0.000453825431978	0.000453825431978	0.000453825431978	0.000453825431978	0.000453825431978	0.000453825431978	-3.40282346639e+38	-3.40282346639e+38	
-3.40282346639e+38	0.000453825434885	0.000453825434885	0.000453825434885	0.000453825434885	0.000453825434885	0.000453825434885	0.000453825434885	0.000453825434885	-3.40282346639e+38	-3.40282346639e+38	
-3.40282346639e+38	0.000453825437364	0.000453825437364	0.000453825437364	0.000453825437364	0.000453825437364	0.000453825437364	0.000453825437364	0.000453825437364	-3.40282346639e+38	-3.40282346639e+38	
-3.40282346639e+38	0.000453825439479	0.000453825439479	0.000453825439479	0.000453825439479	0.000453825439479	0.000453825439479	0.000453825439479	0.000453825439479	-3.40282346639e+38	-3.40282346639e+38	
-3.40282346639e+38	0.000453825441283	0.000453825441283	0.000453825441283	0.000453825441283	0.000453825441283	0.000453825441283	0.000453825441283	0.000453825441283	-3.40282346639e+38	-3.40282346639e+38	
-3.40282346639e+38	0.000453825442822	0.000453825442822	0.000453825442822	0.000453825442822	0.000453825442822	0.000453825442822	0.000453825442822	0.000453825442822	-3.40282346639e+38	-3.40282346639e+38	
-3.40282346639e+38	0.000453825444136	0.000453825444136	0.000453825444136	0.000453825444136	0.000453825444136	0.000453825444136	0.000453825444136	0.000453825444136	-3.40282346639e+38	-3.40282346639e+38	
-3.40282346639e+38	0.000453825445258	0.000453825445258	0.000453825445258	0.000453825445258	0.000453825445258	0.000453825445258	0.000453825445258	0.000453825445258	-3.40282346639e+38	-3.40282346639e+38	
-3.40282346639e+38	0.000453825446215	0.000453825446215	0.000453825446215	0.000453825446215	0.000453825446215	0.000453825446215	0.000453825446215	0.000453825446215	-3.40282346639e+38	-3.40282346639e+38	
-3.40282346639e+38	0.000453825447033	0.000453825447033	0.000453825447033	0.000453825447033	0.000453825447033	0.000453825447033	0.000453825447033	0.000453825447033	-3.40282346639e+38	-3.40282346639e+38	
-3.40282346639e+38	0.000453825447732	0.000453825447732	0.000453825447732	0.000453825447732	0.000453825447732	0.000453825447732	0.000453825447732	0.000453825447732	-3.40282346639e+38	-3.40282346639e+38	
-3.40282346639e+38	0.00045382544833	0.00045382544833	0.00045382544833	0.00045382544833	0.00045382544833	0.00045382544833	0.00045382544833	0.00045382544833	-3.40282346639e+38	-3.40282346639e+38	
-3.40282346639e+38	0.000453825448841	0.000453825448841	0.000453825448841	0.000453825448841	0.000453825448841	0.000453825448841	0.000453825448841	0.000453825448841	-3.40282346639e+38	-3.40282346639e+38	
-3.40282346639e+38	0.000453825449278	0.000453825449278	0.000453825449278	0.000453825449278	0.000453825449278	0.000453825449278	0.000453825449278	0.000453825449278	-3.40282346639e+38	-3.40282346639e+38	
-3.40282346639e+38	0.000453825449652	0.000453825449652	0.000453825449652	0.000453825449652	0.000453825449652	0.000453825449652	0.000453825449652	0.000453825449652	-3.40282346639e+38	-3.40282346639e+38	
-3.40282346639e+38	0.000453825449972	0.000453825449972	0.000453825449972	0.000453825449972	0.000453825449972	0.000453825449972	0.000453825449972	0.000453825449972	-3.40282346639e+38	-3.40282346639e+38	
-3.40282346639e+38	0.000453825450247	0.000453825450247	0.000453825450247	0.000453825450247	0.000453825450247	0.000453825450247	0.000453825450247	0.000453825450247	-3.40282346639e+38	-3.40282346639e+38	
-3.40282346639e+38	0.000453825450482	0.000453825450482	0.000453825450482	0.000453825450482	0.000453825450482	0.000453825450482	0.000453825450482	0.000453825450482	-3.40282346639e+38	-3.40282346639e+38	
-3.40282346639e+38	0.000453825450683	0.000453825450683	0.000453825450683	0.000453825450683	0.000453825450683	0.000453825450683	0.000453825450683	0.000453825450683	-3.40282346639e+38	-3.40282346639e+38	
-3.40282346639e+38	0.000453825450856	0.000453825450856	0.000453825450856	0.000453825450856	0.000453825450856	0.000453825450856	0.000453825450856	0.000453825450856	-3.40282346639e+38	-3.40282346639e+38	
-3.40282346639e+38	0.000453825451004	0.000453825451004	0.000453825451004	0.000453825451004	0.000453825451004	0.000453825451004	0.000453825451004	0.000453825451004	-3.40282346639e+38	-3.40282346639e+38	
-3.40282346639e+38	0.000453825451131	0.000453825451131	0.000453825451131	0.000453825451131	0.000453825451131	0.000453825451131	0.000453825451131	0.000453825451131	-3.40282346639e+38	-3.40282346639e+38	
-3.40282346639e+38	0.000453825451241	0.000453825451241	0.000453825451241	0.000453825451241	0.000453825451241	0.000453825451241	0.000453825451241	0.000453825451241	-3.40282346639e+38	-3.40282346639e+38	
-3.40282346639e+38	0.000453825451335	0.000453825451335	0.000453825451335	0.000453825451335	0.000453825451335	0.000453825451335	0.000453825451335	0.000453825451335	-3.40282346639e+38	-3.40282346639e+38	
-3.40282346639e+38	0.000453825451415	0.000453825451415	0.000453825451415	0.000453825451415	0.000453825451415	0.000453825451415	0.000453825451415	0.000453825451415	-3.40282346639e+38	-3.40282346639e+38	
-3.40282346639e+38	0.000453825451485	0.000453825451485	0.000453825451485	0.000453825451485	0.000453825451485	0.000453825451485	0.000453825451485	0.000453825451485	-3.40282346639e+38	-3.40282346639e+38	
-3.40282346639e+38	0.000453825451545	0.000453825451545	0.000453825451545	0.000453825451545	0.000453825451545	0.000453825451545	0.000453825451545	0.000453825451545	-3.40282346639e+38	-3.40282346639e+38	
-3.40282346639e+38	0.000453825451596	0.000453825451596	0.000453825451596	0.000453825451596	0.000453825451596	0.000453825451596	0.000453825451596	0.000453825451596	-3.40282346639e+38	-3.40282346639e+38	
-3.40282346639e+38	0.00045382545164	0.00045382545164	0.00045382545164	0.00045382545164	0.00045382545164	0.00045382545164	0.00045382545164	0.00045382545164	-3.40282346639e+38	-3.40282346639e+38	
-3.40282346639e+38	0.000453825451678	0.000453825451678	0.000453825451678	0.000453825451678	0.000453825451678	0.000453825451678	0.000453825451678	0.000453825451678	-3.40282346639e+38	-3.40282346639e+38	
-3.40282346639e+38	0.000453825451711	0.000453825451711	0.000453825451711	0.000453825451711	0.000453825451711	0.000453825451711	0.000453825451711	0.000453825451711	-3.40282346639e+38	-3.40282346639e+38	
-3.40282346639e+38	0.00045382545174	0.00045382545174	0.00045382545174	0.00045382545174	0.00045382545174	0.00045382545174	0.00045382545174	0.00045382545174	-3.40282346639e+38	-3.40282346639e+38	
-3.40282346639e+38	0.000453825451764	0.000453825451764	0.000453825451764	0.000453825451764	0.000453825451764	0.000453825451764	0.000453825451764	0.000453825451764	-3.40282346639e+38	-3.40282346639e+38	
-3.40282346639e+38	0.000453825451785	0.000453825451785	0.000453825451785	0.000453825451785	0.000453825451785	0.000453825451785	0.000453825451785	0.000453825451785	-3.40282346639e+38	-3.40282346639e+38	
-3.40282346639e+38	0.000453825451804	0.000453825451804	0.000453825451804	0.000453825451804	0.000453825451804	0.000453825451804	0.000453825451804	0.000453825451804	-3.40282346639e+38	-3.40282346639e+38	
-3.40282346639e+38	0.000453825451819	0.000453825451819	0.000453825451819	0.000453825451819	0.000453825451819	0.000453825451819	0.000453825451819	0.000453825451819	-3.40282346639e+38	-3.40282346639e+38	
-3.40282346639e+38	0.000453825451833	0.000453825451833	0.000453825451833	0.000453825451833	0.000453825451833	0.000453825451833	0.000453825451833	0.000453825451833	-3.40282346639e+38	-3.40282346639e+38	
-3.40282346639e+38	0.000453825451845	0.000453825451845	0.000453825451845	0.000453825451845	0.000453825451845	0.000453825451845	0.000453825451845	0.000453825451845	-3.40282346639e+38	-3.40282346639e+38	
-3.40282346639e+38	0.000453825451855	0.000453825451855	0.000453825451855	0.000453825451855	0.000453825451855	0.000453825451855	0.000453825451855	0.000453825451855	-3.40282346639e+38	-3.40282346639e+38	
-3.40282346639e+38	0.000453825451864	0.000453825451864	0.000453825451864	0.000453825451864	0.000453825451864	0.000453825451864	0.000453825451864	0.000453825451864	-3.40282346639e+38	-3.40282346639e+38	
-3.40282346639e+38	0.000453825451872	0.000453825451872	0.000453825451872	0.000453825451872	0.000453825451872	0.000453825451872	0.000453825451872	0.000453825451872	-3.40282346639e+38	-3.40282346639e+38	
-3.40282346639e+38	0.000453825451879	0.000453825451879	0.000453825451879	0.000453825451879	0.000453825451879	0.000453825451879	0.000453825451879	0.000453825451879	-3.40282346639e+38	-3.40282346639e+38	
-3.40282346639e+38	0.000453825451884	0.000453825451884	0.000453825451884	0.000453825451884	0.000453825451884	0.000453825451884	0.000453825451884	0.000453825451884	-3.40282346639e+38	-3.40282346639e+38	
-3.40282346639e+38	0.000453825451889	0.000453825451889	0.000453825451889	0.000453825451889	0.000453825451889	0.000453825451889	0.000453825451889	0.000453825451889	-3.40282346639e+38	-3.40282346639e+38	
-3.40282346639e+38	0.000453825451894	0.000453825451894	0.000453825451894	0.000453825451894	0.000453825451894	0.000453825451894	0.000453825451894	0.000453825451894	-3.40282346639e+38	-3.40282346639e+38	
-3.40282346639e+38	0.000453825451898	0.000453825451898	0.000453825451898	0.000453825451898	0.000453825451898	0.000453825451898	0.000453825451898	0.000453825451898	-3.40282346639e+38	-3.40282346639e+38	
-3.40282346639e+38	0.000453825451901	0.000453825451901	0.000453825451901	0.000453825451901	0.000453825451901	0.000453825451901	0.000453825451901	0.000453825451901	-3.40282346639e+38	-3.40282346639e+38	
-3.40282346639e+38	0.000453825451904	0.000453825451904	0.000453825451904	0.000453825451904	0.000453825451904	0.000453825451904	0.000453825451904	0.000453825451904	-3.40282346639e+38	-3.40282346639e+38	
-3.40282346639e+38	0.000453825451906	0.000453825451906	0.000453825451906	0.000453825451906	0.000453825451906	0.000453825451906	0.000453825451906	0.000453825451906	-3.40282346639e+38	-3.40282346639e+38	
-3.40282346639e+38	0.000453825451908	0.000453825451908	0.000453825451908	0.000453825451908	0.000453825451908	0.000453825451908	0.000453825451908	0.000453825451908	-3.40282346639e+38	-3.40282346639e+38	
-3.40282346639e+38	0.00045382545191	0.00045382545191	0.00045382545191	0.00045382545191	0.00045382545191	0.00045382545191	0.00045382545191	0.00045382545191	-3.40282346639e+38	-3.40282346639e+38	
-3.40282346639e+38	0.000453825451912	0.000453825451912	0.000453825451912	0.000453825451912	0.000453825451912	0.000453825451912	0.000453825451912	0.000453825451912	-3.40282346639e+38	-3.40282346639e+38	
-3.40282346639e+38	0.000453825451914	0.000453825451914	0.000453825451914	0.000453825451914	0.000453825451914	0.000453825451914	0.000453825451914	0.000453825451914	-3.40282346639e+38	-3.40282346639e+38	
-3.40282346639e+38	0.000453825451915	0.000453825451915	0.000453825451915	0.000453825451915	0.000453825451915	0.000453825451915	0.000453825451915	0.000453825451915	-3.40282346639e+38	-3.40282346639e+38	
-3.40282346639e+38	0.000453825451916	0.000453825451916	0.000453825451916	0.000453825451916	0.000453825451916	0.000453825451916	0.000453825451916	0.000453825451916	-3.40282346639e+38	-3.40282346639e+38	
-3.40282346639e+38	0.000453825451917	0.000453825451917	0.000453825451917	0.000453825451917	0.000453825451917	0.000453825451917	0.000453825451917	0.000453825451917	-3.40282346639e+38	-3.40282346639e+38	
-3.40282346639e+38	0.000453825451918	0.000453825451918	0.000453825451918	0.000453825451918	0.000453825451918	0.000453825451918	0.000453825451918	0.000453825451918	-3.40282346639e+38	-3.40282346639e+38	
-3.40282346639e+38	0.000453825451918	0.000453825451918	0.000453825451918	0.000453825451918	0.000453825451918	0.000453825451918	0.000453825451918	0.000453825451918	-3.40282346639e+38	-3.40282346639e+38	
-3.40282346639e+38	0.000453825451919	0.000453825451919	0.000453825451919	0.000453825451919	0.000453825451919	0.000453825451919	0.000453825451919	0.000453825451919	-3.40282346639e+38	-3.40282346639e+38	
-3.40282346639e+38	0.00045382545192	0.00045382545192	0.00045382545192	0.00045382545192	0.00045382545192	0.00045382545192	0.00045382545192	0.00045382545192	-3.40282346639e+38	-3.40282346639e+38	
-3.40282346639e+38	0.00045382545192	0.00045382545192	0.00045382545192	0.00045382545192	0.00045382545192	0.00045382545192	0.00045382545192	0.00045382545192	-3.40282346639e+38	-3.40282346639e+38	
-3.40282346639e+38	0.000453825451921	0.000453825451921	0.000453825451921	0.000453825451921	0.000453825451921	0.000453825451921	0.000453825451921	0.000453825451921	-3.40282346639e+38	-3.40282346639e+38	
-3.40282346639e+38	0.000453825451921	0.000453825451921	0.000453825451921	0.000453825451921	0.000453825451921	0.000453825451921	0.000453825451921	0.000453825451921	-3.40282346639e+38	-3.40282346639e+38	
-3.40282346639e+38	0.000453825451921	0.000453825451921	0.000453825451921	0.000453825451921	0.000453825451921	0.000453825451921	0.000453825451921	0.000453825451921	-3.40282346639e+38	-3.40282346639e+38	
-3.40282346639e+38	0.000453825451922	0.000453825451922	0.000453825451922	0.000453825451922	0.000453825451922	0.000453825451922	0.000453825451922	0.000453825451922	-3.40282346639e+38	-3.40282346639e+38	
-3.40282346639e+38	0.000453825451922	0.000453825451922	0.000453825451922	0.000453825451922	0.000453825451922	0.000453825451922	0.000453825451922	0.000453825451922	-3.40282346639e+38	-3.40282346639e+38	
-3.40282346639e+38	0.000453825451922	0.000453825451922	0.000453825451922	0.000453825451922	0.000453825451922	0.000453825451922	0.000453825451922	0.000453825451922	-3.40282346639e+38	-3.40282346639e+38	
-3.40282346639e+38	0.000453825451922	0.000453825451922	0.000453825451922	0.000453825451922	0.000453825451922	0.000453825451922	0.000453825451922	0.000453825451922	-3.40282346639e+38	-3.40282346639e+38	
-3.40282346639e+38	0.000453825451923	0.000453825451923	0.000453825451923	0.000453825451923	0.000453825451923	0.000453825451923	0.000453825451923	0.000453825451923	-3.40282346639e+38	-3.40282346639e+38	
-3.40282346639e+38	0.000453825451923	0.000453825451923	0.000453825451923	0.000453825451923	0.000453825451923	0.000453825451923	0.000453825451923	0.000453825451923	-3.40282346639e+38	-3.40282346639e+38	
-3.40282346639e+38	0.000453825451923	0.000453825451923	0.000453825451923	0.000453825451923	0.000453825451923	0.000453825451923	0.000453825451923	0.000453825451923	-3.40282346639e+38	-3.40282346639e+38	
-3.40282346639e+38	0.000453825451923	0.000453825451923	0.000453825451923	0.000453825451923	0.000453825451923	0.000453825451923	0.000453825451923	0.000453825451923	-3.40282346639e+38	-3.40282346639e+38	
-3.40282346639e+38	0.000453825451923	0.000453825451923	0.000453825451923	0.000453825451923	0.000453825451923	0.000453825451923	0.000453825451923	0.000453825451923	-3.40282346639e+38	-3.40282346639e+38	
-3.40282346639e+38	0.000453825451923	0.000453825451923	0.000453825451923	0.000453825451923	0.000453825451923	0.000453825451923	0.000453825451923	0.000453825451923	-3.40282346639e+38	-3.40282346639e+38	
-3.40282346639e+38	0.000453825451923	0.000453825451923	0.000453825451923	0.000453825451923	0.000453825451923	0.000453825451923	0.000453825451923	0.000453825451923	-3.40282346639e+38	-3.40282346639e+38	
-3.40282346639e+38	0.000453825451923	0.000453825451923	0.000453825451923	0.000453825451923	0.000453825451923	0.000453825451923	0.000453825451923	0.000453825451923	-3.40282346639e+38	-3.40282346639e+38	
-3.40282346639e+38	0.000453825451924	0.000453825451924	0.000453825451924	0.000453825451924	0.000453825451924	0.000453825451924	0.000453825451924	0.000453825451924	-3.40282346639e+38	-3.40282346639e+38	
-3.40282346639e+38	0.000453825451924	0.000453825451924	0.000453825451924	0.000453825451924	0.000453825451924	0.000453825451924	0.000453825451924	0.000453825451924	-3.40282346639e+38	-3.40282346639e+38	
-3.40282346639e+38	0.000453825451924	0.000453825451924	0.000453825451924	0.000453825451924	0.000453825451924	0.000453825451924	0.000453825451924	0.000453825451924	-3.40282346639e+38	-3.40282346639e+38	
-3.40282346639e+38	0.000453825451924	0.000453825451924	0.000453825451924	0.000453825451924	0.000453825451924	0.000453825451924	0.000453825451924	0.000453825451924	-3.40282346639e+38	-3.40282346639e+38	
-3.40282346639e+38	0.000453825451924	0.000453825451924	0.000453825451924	0.000453825451924	0.000453825451924	0.000453825451924	0.000453825451924	0.000453825451924	-3.40282346639e+38	-3.40282346639e+38	
-3.40282346639e+38	0.000453825451924	0.000453825451924	0.000453825451924	0.000453825451924	0.000453825451924	0.000453825451924	0.000453825451924	0.000453825451924	-3.40282346639e+38	-3.40282346639e+38	
-3.40282346639e+38	0.000453825451924	0.000453825451924	0.000453825451924	0.000453825451924	0.000453825451924	0.000453825451924	0.000453825451924	0.000453825451924	-3.40282346639e+38	-3.40282346639e+38	
-3.40282346639e+38	-3.40282346639e+38	-3.40282346639e+38	-3.40282346639e+38	-3.40282346639e+38	-3.40282346639e+38	-3.40282346639e+38	-3.40282346639e+38	-3.40282346639e+38	-3.40282346639e+38	-3.40282346639e+38	
