out/0000000008h.asc
ncols 11
nrows 101
xllcorner -0.5
yllcorner -0.5
cellsize 1.0
nodata_value -3.40282346639e+38
-3.40282346639e+38	-3.40282346639e+38	-3.40282346639e+38	-3.40282346639e+38	-3.40282346639e+38	-3.40282346639e+38	-3.40282346639e+38	-3.40282346639e+38	-3.40282346639e+38	-3.40282346639e+38	-3.40282346639e+38	
-3.40282346639e+38	-3.40282346639e+38	-3.40282346639e+38	-3.40282346639e+38	-3.40282346639e+38	-3.40282346639e+38	-3.40282346639e+38	-3.40282346639e+38	-3.40282346639e+38	-3.40282346639e+38	-3.40282346639e+38	
-3.40282346639e+38	7.3288454502e-05	7.3288454502e-05	7.3288454502e-05	7.3288454502e-05	7.3288454502e-05	7.3288454502e-05	7.3288454502e-05	7.3288454502e-05	-3.40282346639e+38	-3.40282346639e+38	
-3.40282346639e+38	7.33023399705e-05	7.33023399705e-05	7.33023399705e-05	7.33023399705e-05	7.33023399705e-05	7.33023399705e-05	7.33023399705e-05	7.33023399705e-05	-3.40282346639e+38	-3.40282346639e+38	
-3.40282346639e+38	7.33025632383e-05	7.33025632383e-05	7.33025632383e-05	7.33025632383e-05	7.33025632383e-05	7.33025632383e-05	7.33025632383e-05	7.33025632383e-05	-3.40282346639e+38	-3.40282346639e+38	
-3.40282346639e+38	7.33025856819e-05	7.33025856819e-05	7.33025856819e-05	7.33025856819e-05	7.33025856819e-05	7.33025856819e-05	7.33025856819e-05	7.33025856819e-05	-3.40282346639e+38	-3.40282346639e+38	
-3.40282346639e+38	7.33026028522e-05	7.33026028522e-05	7.33026028522e-05	7.33026028522e-05	7.33026028522e-05	7.33026028522e-05	7.33026028522e-05	7.33026028522e-05	-3.40282346639e+38	-3.40282346639e+38	
-3.40282346639e+38	7.33026175323e-05	7.33026175323e-05	7.33026175323e-05	7.33026175323e-05	7.33026175323e-05	7.33026175323e-05	7.33026175323e-05	7.33026175323e-05	-3.40282346639e+38	-3.40282346639e+38	
-3.40282346639e+38	7.33026300893e-05	7.33026300893e-05	7.33026300893e-05	7.33026300893e-05	7.33026300893e-05	7.33026300893e-05	7.33026300893e-05	7.33026300893e-05	-3.40282346639e+38	-3.40282346639e+38	
-3.40282346639e+38	7.33026408212e-05	7.33026408212e-05	7.33026408212e-05	7.33026408212e-05	7.33026408212e-05	7.33026408212e-05	7.33026408212e-05	7.33026408212e-05	-3.40282346639e+38	-3.40282346639e+38	
-3.40282346639e+38	7.33026499867e-05	7.33026499867e-05	7.33026499867e-05	7.33026499867e-05	7.33026499867e-05	7.33026499867e-05	7.33026499867e-05	7.33026499867e-05	-3.40282346639e+38	-3.40282346639e+38	
-3.40282346639e+38	7.33026578101e-05	7.33026578101e-05	7.33026578101e-05	7.33026578101e-05	7.33026578101e-05	7.33026578101e-05	7.33026578101e-05	7.33026578101e-05	-3.40282346639e+38	-3.40282346639e+38	
-3.40282346639e+38	7.3302664485e-05	7.3302664485e-05	7.3302664485e-05	7.3302664485e-05	7.3302664485e-05	7.3302664485e-05	7.3302664485e-05	7.3302664485e-05	-3.40282346639e+38	-3.40282346639e+38	
-3.40282346639e+38	7.33026701779e-05	7.33026701779e-05	7.33026701779e-05	7.33026701779e-05	7.33026701779e-05	7.33026701779e-05	7.33026701779e-05	7.33026701779e-05	-3.40282346639e+38	-3.40282346639e+38	
-3.40282346639e+38	7.33026750323e-05	7.33026750323e-05	7.33026750323e-05	7.33026750323e-05	7.33026750323e-05	7.33026750323e-05	7.33026750323e-05	7.33026750323e-05	-3.40282346639e+38	-3.40282346639e+38	
-3.40282346639e+38	7.33026791709e-05	7.33026791709e-05	7.33026791709e-05	7.33026791709e-05	7.33026791709e-05	7.33026791709e-05	7.33026791709e-05	7.33026791709e-05	-3.40282346639e+38	-3.40282346639e+38	
-3.40282346639e+38	7.33026826991e-05	7.33026826991e-05	7.33026826991e-05	7.33026826991e-05	7.33026826991e-05	7.33026826991e-05	7.33026826991e-05	7.33026826991e-05	-3.40282346639e+38	-3.40282346639e+38	
-3.40282346639e+38	7.33026857069e-05	7.33026857069e-05	7.33026857069e-05	7.33026857069e-05	7.33026857069e-05	7.33026857069e-05	7.33026857069e-05	7.33026857069e-05	-3.40282346639e+38	-3.40282346639e+38	
-3.40282346639e+38	7.33026882713e-05	7.33026882713e-05	7.33026882713e-05	7.33026882713e-05	7.33026882713e-05	7.33026882713e-05	7.33026882713e-05	7.33026882713e-05	-3.40282346639e+38	-3.40282346639e+38	
-3.40282346639e+38	7.33026904577e-05	7.33026904577e-05	7.33026904577e-05	7.33026904577e-05	7.33026904577e-05	7.33026904577e-05	7.33026904577e-05	7.33026904577e-05	-3.40282346639e+38	-3.40282346639e+38	
-3.40282346639e+38	7.33026923222e-05	7.33026923222e-05	7.33026923222e-05	7.33026923222e-05	7.33026923222e-05	7.33026923222e-05	7.33026923222e-05	7.33026923222e-05	-3.40282346639e+38	-3.40282346639e+38	
-3.40282346639e+38	7.33026939125e-05	7.33026939125e-05	7.33026939125e-05	7.33026939125e-05	7.33026939125e-05	7.33026939125e-05	7.33026939125e-05	7.33026939125e-05	-3.40282346639e+38	-3.40282346639e+38	
-3.40282346639e+38	7.33026952693e-05	7.33026952693e-05	7.33026952693e-05	7.33026952693e-05	7.33026952693e-05	7.33026952693e-05	7.33026952693e-05	7.33026952693e-05	-3.40282346639e+38	-3.40282346639e+38	
-3.40282346639e+38	7.3302696427e-05	7.3302696427e-05	7.3302696427e-05	7.3302696427e-05	7.3302696427e-05	7.3302696427e-05	7.3302696427e-05	7.3302696427e-05	-3.40282346639e+38	-3.40282346639e+38	
-3.40282346639e+38	7.33026974153e-05	7.33026974153e-05	7.33026974153e-05	7.33026974153e-05	7.33026974153e-05	7.33026974153e-05	7.33026974153e-05	7.33026974153e-05	-3.40282346639e+38	-3.40282346639e+38	
-3.40282346639e+38	7.33026982591e-05	7.33026982591e-05	7.33026982591e-05	7.33026982591e-05	7.33026982591e-05	7.33026982591e-05	7.33026982591e-05	7.33026982591e-05	-3.40282346639e+38	-3.40282346639e+38	
-3.40282346639e+38	7.33026989799e-05	7.33026989799e-05	7.33026989799e-05	7.33026989799e-05	7.33026989799e-05	7.33026989799e-05	7.33026989799e-05	7.33026989799e-05	-3.40282346639e+38	-3.40282346639e+38	
-3.40282346639e+38	7.33026995957e-05	7.33026995957e-05	7.33026995957e-05	7.33026995957e-05	7.33026995957e-05	7.33026995957e-05	7.33026995957e-05	7.33026995957e-05	-3.40282346639e+38	-3.40282346639e+38	
-3.40282346639e+38	7.33027001221e-05	7.33027001221e-05	7.33027001221e-05	7.33027001221e-05	7.33027001221e-05	7.33027001221e-05	7.33027001221e-05	7.33027001221e-05	-3.40282346639e+38	-3.40282346639e+38	
-3.40282346639e+38	7.33027005722e-05	7.33027005722e-05	7.33027005722e-05	7.33027005722e-05	7.33027005722e-05	7.33027005722e-05	7.33027005722e-05	7.33027005722e-05	-3.40282346639e+38	-3.40282346639e+38	
-3.40282346639e+38	7.33027009572e-05	7.33027009572e-05	7.33027009572e-05	7.33027009572e-05	7.33027009572e-05	7.33027009572e-05	7.33027009572e-05	7.33027009572e-05	-3.40282346639e+38	-3.40282346639e+38	
-3.40282346639e+38	7.33027012866e-05	7.33027012866e-05	7.33027012866e-05	7.33027012866e-05	7.33027012866e-05	7.33027012866e-05	7.33027012866e-05	7.33027012866e-05	-3.40282346639e+38	-3.40282346639e+38	
-3.40282346639e+38	7.33027015687e-05	7.33027015687e-05	7.33027015687e-05	7.33027015687e-05	7.33027015687e-05	7.33027015687e-05	7.33027015687e-05	7.33027015687e-05	-3.40282346639e+38	-3.40282346639e+38	
-3.40282346639e+38	7.33027018102e-05	7.33027018102e-05	7.33027018102e-05	7.33027018102e-05	7.33027018102e-05	7.33027018102e-05	7.33027018102e-05	7.33027018102e-05	-3.40282346639e+38	-3.40282346639e+38	
-3.40282346639e+38	7.33027020172e-05	7.33027020172e-05	7.33027020172e-05	7.33027020172e-05	7.33027020172e-05	7.33027020172e-05	7.33027020172e-05	7.33027020172e-05	-3.40282346639e+38	-3.40282346639e+38	
-3.40282346639e+38	7.33027021946e-05	7.33027021946e-05	7.33027021946e-05	7.33027021946e-05	7.33027021946e-05	7.33027021946e-05	7.33027021946e-05	7.33027021946e-05	-3.40282346639e+38	-3.40282346639e+38	
-3.40282346639e+38	7.33027023468e-05	7.33027023468e-05	7.33027023468e-05	7.33027023468e-05	7.33027023468e-05	7.33027023468e-05	7.33027023468e-05	7.33027023468e-05	-3.40282346639e+38	-3.40282346639e+38	
-3.40282346639e+38	7.33027024773e-05	7.33027024773e-05	7.33027024773e-05	7.33027024773e-05	7.33027024773e-05	7.33027024773e-05	7.33027024773e-05	7.33027024773e-05	-3.40282346639e+38	-3.40282346639e+38	
-3.40282346639e+38	7.33027025894e-05	7.33027025894e-05	7.33027025894e-05	7.33027025894e-05	7.33027025894e-05	7.33027025894e-05	7.33027025894e-05	7.33027025894e-05	-3.40282346639e+38	-3.40282346639e+38	
-3.40282346639e+38	7.33027026856e-05	7.33027026856e-05	7.33027026856e-05	7.33027026856e-05	7.33027026856e-05	7.33027026856e-05	7.33027026856e-05	7.33027026856e-05	-3.40282346639e+38	-3.40282346639e+38	
-3.40282346639e+38	7.33027027683e-05	7.33027027683e-05	7.33027027683e-05	7.33027027683e-05	7.33027027683e-05	7.33027027683e-05	7.33027027683e-05	7.33027027683e-05	-3.40282346639e+38	-3.40282346639e+38	
-3.40282346639e+38	7.33027028393e-05	7.33027028393e-05	7.33027028393e-05	7.33027028393e-05	7.33027028393e-05	7.33027028393e-05	7.33027028393e-05	7.33027028393e-05	-3.40282346639e+38	-3.40282346639e+38	
-3.40282346639e+38	7.33027029005e-05	7.33027029005e-05	7.33027029005e-05	7.33027029005e-05	7.33027029005e-05	7.33027029005e-05	7.33027029005e-05	7.33027029005e-05	-3.40282346639e+38	-3.40282346639e+38	
-3.40282346639e+38	7.33027029531e-05	7.33027029531e-05	7.33027029531e-05	7.33027029531e-05	7.33027029531e-05	7.33027029531e-05	7.33027029531e-05	7.33027029531e-05	-3.40282346639e+38	-3.40282346639e+38	
-3.40282346639e+38	7.33027029983e-05	7.33027029983e-05	7.33027029983e-05	7.33027029983e-05	7.33027029983e-05	7.33027029983e-05	7.33027029983e-05	7.33027029983e-05	-3.40282346639e+38	-3.40282346639e+38	
-3.40282346639e+38	7.33027030373e-05	7.33027030373e-05	7.33027030373e-05	7.33027030373e-05	7.33027030373e-05	7.33027030373e-05	7.33027030373e-05	7.33027030373e-05	-3.40282346639e+38	-3.40282346639e+38	
-3.40282346639e+38	7.33027030709e-05	7.33027030709e-05	7.33027030709e-05	7.33027030709e-05	7.33027030709e-05	7.33027030709e-05	7.33027030709e-05	7.33027030709e-05	-3.40282346639e+38	-3.40282346639e+38	
-3.40282346639e+38	7.33027030999e-05	7.33027030999e-05	7.33027030999e-05	7.33027030999e-05	7.33027030999e-05	7.33027030999e-05	7.33027030999e-05	7.33027030999e-05	-3.40282346639e+38	-3.40282346639e+38	
-3.40282346639e+38	7.33027031249e-05	7.33027031249e-05	7.33027031249e-05	7.33027031249e-05	7.33027031249e-05	7.33027031249e-05	7.33027031249e-05	7.33027031249e-05	-3.40282346639e+38	-3.40282346639e+38	
-3.40282346639e+38	7.33027031465e-05	7.33027031465e-05	7.33027031465e-05	7.33027031465e-05	7.33027031465e-05	7.33027031465e-05	7.33027031465e-05	7.33027031465e-05	-3.40282346639e+38	-3.40282346639e+38	
-3.40282346639e+38	7.33027031651e-05	7.33027031651e-05	7.33027031651e-05	7.33027031651e-05	7.33027031651e-05	7.33027031651e-05	7.33027031651e-05	7.33027031651e-05	-3.40282346639e+38	-3.40282346639e+38	
-3.40282346639e+38	7.33027031812e-05	7.33027031812e-05	7.33027031812e-05	7.33027031812e-05	7.33027031812e-05	7.33027031812e-05	7.33027031812e-05	7.33027031812e-05	-3.40282346639e+38	-3.40282346639e+38	
-3.40282346639e+38	7.33027031952e-05	7.33027031952e-05	7.33027031952e-05	7.33027031952e-05	7.33027031952e-05	7.33027031952e-05	7.33027031952e-05	7.33027031952e-05	-3.40282346639e+38	-3.40282346639e+38	
-3.40282346639e+38	7.33027032072e-05	7.33027032072e-05	7.33027032072e-05	7.33027032072e-05	7.33027032072e-05	7.33027032072e-05	7.33027032072e-05	7.33027032072e-05	-3.40282346639e+38	-3.40282346639e+38	
-3.40282346639e+38	7.33027032176e-05	7.33027032176e-05	7.33027032176e-05	7.33027032176e-05	7.33027032176e-05	7.33027032176e-05	7.33027032176e-05	7.33027032176e-05	-3.40282346639e+38	-3.40282346639e+38	
-3.40282346639e+38	7.33027032266e-05	7.33027032266e-05	7.33027032266e-05	7.33027032266e-05	7.33027032266e-05	7.33027032266e-05	7.33027032266e-05	7.33027032266e-05	-3.40282346639e+38	-3.40282346639e+38	
-3.40282346639e+38	7.33027032345e-05	7.33027032345e-05	7.33027032345e-05	7.33027032345e-05	7.33027032345e-05	7.33027032345e-05	7.33027032345e-05	7.33027032345e-05	-3.40282346639e+38	-3.40282346639e+38	
-3.40282346639e+38	7.33027032413e-05	7.33027032413e-05	7.33027032413e-05	7.33027032413e-05	7.33027032413e-05	7.33027032413e-05	7.33027032413e-05	7.33027032413e-05	-3.40282346639e+38	-3.40282346639e+38	
-3.40282346639e+38	7.33027032471e-05	7.33027032471e-05	7.33027032471e-05	7.33027032471e-05	7.33027032471e-05	7.33027032471e-05	7.33027032471e-05	7.33027032471e-05	-3.40282346639e+38	-3.40282346639e+38	
-3.40282346639e+38	7.33027032522e-05	7.33027032522e-05	7.33027032522e-05	7.33027032522e-05	7.33027032522e-05	7.33027032522e-05	7.33027032522e-05	7.33027032522e-05	-3.40282346639e+38	-3.40282346639e+38	
-3.40282346639e+38	7.33027032567e-05	7.33027032567e-05	7.33027032567e-05	7.33027032567e-05	7.33027032567e-05	7.33027032567e-05	7.33027032567e-05	7.33027032567e-05	-3.40282346639e+38	-3.40282346639e+38	
-3.40282346639e+38	7.33027032605e-05	7.33027032605e-05	7.33027032605e-05	7.33027032605e-05	7.33027032605e-05	7.33027032605e-05	7.33027032605e-05	7.33027032605e-05	-3.40282346639e+38	-3.40282346639e+38	
-3.40282346639e+38	7.33027032639e-05	7.33027032639e-05	7.33027032639e-05	7.33027032639e-05	7.33027032639e-05	7.33027032639e-05	7.33027032639e-05	7.33027032639e-05	-3.40282346639e+38	-3.40282346639e+38	
-3.40282346639e+38	7.33027032668e-05	7.33027032668e-05	7.33027032668e-05	7.33027032668e-05	7.33027032668e-05	7.33027032668e-05	7.33027032668e-05	7.33027032668e-05	-3.40282346639e+38	-3.40282346639e+38	
-3.40282346639e+38	7.33027032694e-05	7.33027032694e-05	7.33027032694e-05	7.33027032694e-05	7.33027032694e-05	7.33027032694e-05	7.33027032694e-05	7.33027032694e-05	-3.40282346639e+38	-3.40282346639e+38	
-3.40282346639e+38	7.33027032716e-05	7.33027032716e-05	7.33027032716e-05	7.33027032716e-05	7.33027032716e-05	7.33027032716e-05	7.33027032716e-05	7.33027032716e-05	-3.40282346639e+38	-3.40282346639e+38	
-3.40282346639e+38	7.33027032735e-05	7.33027032735e-05	7.33027032735e-05	7.33027032735e-05	7.33027032735e-05	7.33027032735e-05	7.33027032735e-05	7.33027032735e-05	-3.40282346639e+38	-3.40282346639e+38	
-3.40282346639e+38	7.33027032752e-05	7.33027032752e-05	7.33027032752e-05	7.33027032752e-05	7.33027032752e-05	7.33027032752e-05	7.33027032752e-05	7.33027032752e-05	-3.40282346639e+38	-3.40282346639e+38	
-3.40282346639e+38	7.33027032767e-05	7.33027032767e-05	7.33027032767e-05	7.33027032767e-05	7.33027032767e-05	7.33027032767e-05	7.33027032767e-05	7.33027032767e-05	-3.40282346639e+38	-3.40282346639e+38	
-3.40282346639e+38	7.33027032779e-05	7.33027032779e-05	7.33027032779e-05	7.33027032779e-05	7.33027032779e-05	7.33027032779e-05	7.33027032779e-05	7.33027032779e-05	-3.40282346639e+38	-3.40282346639e+38	
-3.40282346639e+38	7.33027032791e-05	7.33027032791e-05	7.33027032791e-05	7.33027032791e-05	7.33027032791e-05	7.33027032791e-05	7.33027032791e-05	7.33027032791e-05	-3.40282346639e+38	-3.40282346639e+38	
-3.40282346639e+38	7.33027032801e-05	7.33027032801e-05	7.33027032801e-05	7.33027032801e-05	7.33027032801e-05	7.33027032801e-05	7.33027032801e-05	7.33027032801e-05	-3.40282346639e+38	-3.40282346639e+38	
-3.40282346639e+38	7.33027032809e-05	7.33027032809e-05	7.33027032809e-05	7.33027032809e-05	7.33027032809e-05	7.33027032809e-05	7.33027032809e-05	7.33027032809e-05	-3.40282346639e+38	-3.40282346639e+38	
-3.40282346639e+38	7.33027032817e-05	7.33027032817e-05	7.33027032817e-05	7.33027032817e-05	7.33027032817e-05	7.33027032817e-05	7.33027032817e-05	7.33027032817e-05	-3.40282346639e+38	-3.40282346639e+38	
-3.40282346639e+38	7.33027032823e-05	7.33027032823e-05	7.33027032823e-05	7.33027032823e-05	7.33027032823e-05	7.33027032823e-05	7.33027032823e-05	7.33027032823e-05	-3.40282346639e+38	-3.40282346639e+38	
-3.40282346639e+38	7.33027032829e-05	7.33027032829e-05	7.33027032829e-05	7.33027032829e-05	7.33027032829e-05	7.33027032829e-05	7.33027032829e-05	7.33027032829e-05	-3.40282346639e+38	-3.40282346639e+38	
-3.40282346639e+38	7.33027032834e-05	7.33027032834e-05	7.33027032834e-05	7.33027032834e-05	7.33027032834e-05	7.33027032834e-05	7.33027032834e-05	7.33027032834e-05	-3.40282346639e+38	-3.40282346639e+38	
-3.40282346639e+38	7.33027032839e-05	7.33027032839e-05	7.33027032839e-05	7.33027032839e-05	7.33027032839e-05	7.33027032839e-05	7.33027032839e-05	7.33027032839e-05	-3.40282346639e+38	-3.40282346639e+38	
-3.40282346639e+38	7.33027032843e-05	7.33027032843e-05	7.33027032843e-05	7.33027032843e-05	7.33027032843e-05	7.33027032843e-05	7.33027032843e-05	7.33027032843e-05	-3.40282346639e+38	-3.40282346639e+38	
-3.40282346639e+38	7.33027032846e-05	7.33027032846e-05	7.33027032846e-05	7.33027032846e-05	7.33027032846e-05	7.33027032846e-05	7.33027032846e-05	7.33027032846e-05	-3.40282346639e+38	-3.40282346639e+38	
-3.40282346639e+38	7.33027032849e-05	7.33027032849e-05	7.33027032849e-05	7.33027032849e-05	7.33027032849e-05	7.33027032849e-05	7.33027032849e-05	7.33027032849e-05	-3.40282346639e+38	-3.40282346639e+38	
-3.40282346639e+38	7.33027032852e-05	7.33027032852e-05	7.33027032852e-05	7.33027032852e-05	7.33027032852e-05	7.33027032852e-05	7.33027032852e-05	7.33027032852e-05	-3.40282346639e+38	-3.40282346639e+38	
-3.40282346639e+38	7.33027032854e-05	7.33027032854e-05	7.33027032854e-05	7.33027032854e-05	7.33027032854e-05	7.33027032854e-05	7.33027032854e-05	7.33027032854e-05	-3.40282346639e+38	-3.40282346639e+38	
-3.40282346639e+38	7.33027032856e-05	7.33027032856e-05	7.33027032856e-05	7.33027032856e-05	7.33027032856e-05	7.33027032856e-05	7.33027032856e-05	7.33027032856e-05	-3.40282346639e+38	-3.40282346639e+38	
-3.40282346639e+38	7.33027032858e-05	7.33027032858e-05	7.33027032858e-05	7.33027032858e-05	7.33027032858e-05	7.33027032858e-05	7.33027032858e-05	7.33027032858e-05	-3.40282346639e+38	-3.40282346639e+38	
-3.40282346639e+38	7.3302703286e-05	7.3302703286e-05	7.3302703286e-05	7.3302703286e-05	7.3302703286e-05	7.3302703286e-05	7.3302703286e-05	7.3302703286e-05	-3.40282346639e+38	-3.40282346639e+38	
-3.40282346639e+38	7.33027032861e-05	7.33027032861e-05	7.33027032861e-05	7.33027032861e-05	7.33027032861e-05	7.33027032861e-05	7.33027032861e-05	7.33027032861e-05	-3.40282346639e+38	-3.40282346639e+38	
-3.40282346639e+38	7.33027032863e-05	7.33027032863e-05	7.33027032863e-05	7.33027032863e-05	7.33027032863e-05	7.33027032863e-05	7.33027032863e-05	7.33027032863e-05	-3.40282346639e+38	-3.40282346639e+38	
-3.40282346639e+38	7.33027032864e-05	7.33027032864e-05	7.33027032864e-05	7.33027032864e-05	7.33027032864e-05	7.33027032864e-05	7.33027032864e-05	7.33027032864e-05	-3.40282346639e+38	-3.40282346639e+38	
-3.40282346639e+38	7.33027032865e-05	7.33027032865e-05	7.33027032865e-05	7.33027032865e-05	7.33027032865e-05	7.33027032865e-05	7.33027032865e-05	7.33027032865e-05	-3.40282346639e+38	-3.40282346639e+38	
-3.40282346639e+38	7.33027032866e-05	7.33027032866e-05	7.33027032866e-05	7.33027032866e-05	7.33027032866e-05	7.33027032866e-05	7.33027032866e-05	7.33027032866e-05	-3.40282346639e+38	-3.40282346639e+38	
-3.40282346639e+38	7.33027032866e-05	7.33027032866e-05	7.33027032866e-05	7.33027032866e-05	7.33027032866e-05	7.33027032866e-05	7.33027032866e-05	7.33027032866e-05	-3.40282346639e+38	-3.40282346639e+38	
-3.40282346639e+38	7.33027032867e-05	7.33027032867e-05	7.33027032867e-05	7.33027032867e-05	7.33027032867e-05	7.33027032867e-05	7.33027032867e-05	7.33027032867e-05	-3.40282346639e+38	-3.40282346639e+38	
-3.40282346639e+38	7.33027032868e-05	7.33027032868e-05	7.33027032868e-05	7.33027032868e-05	7.33027032868e-05	7.33027032868e-05	7.33027032868e-05	7.33027032868e-05	-3.40282346639e+38	-3.40282346639e+38	
-3.40282346639e+38	7.33027032868e-05	7.33027032868e-05	7.33027032868e-05	7.33027032868e-05	7.33027032868e-05	7.33027032868e-05	7.33027032868e-05	7.33027032868e-05	-3.40282346639e+38	-3.40282346639e+38	
-3.40282346639e+38	7.33027032869e-05	7.33027032869e-05	7.33027032869e-05	7.33027032869e-05	7.33027032869e-05	7.33027032869e-05	7.33027032869e-05	7.33027032869e-05	-3.40282346639e+38	-3.40282346639e+38	
-3.40282346639e+38	7.33027032869e-05	7.33027032869e-05	7.33027032869e-05	7.33027032869e-05	7.33027032869e-05	7.33027032869e-05	7.33027032869e-05	7.33027032869e-05	-3.40282346639e+38	-3.40282346639e+38	
-3.40282346639e+38	7.3302703287e-05	7.3302703287e-05	7.3302703287e-05	7.3302703287e-05	7.3302703287e-05	7.3302703287e-05	7.3302703287e-05	7.3302703287e-05	-3.40282346639e+38	-3.40282346639e+38	
-3.40282346639e+38	7.3302703287e-05	7.3302703287e-05	7.3302703287e-05	7.3302703287e-05	7.3302703287e-05	7.3302703287e-05	7.3302703287e-05	7.3302703287e-05	-3.40282346639e+38	-3.40282346639e+38	
-3.40282346639e+38	7.3302703287e-05	7.3302703287e-05	7.3302703287e-05	7.3302703287e-05	7.3302703287e-05	7.3302703287e-05	7.3302703287e-05	7.3302703287e-05	-3.40282346639e+38	-3.40282346639e+38	
-3.40282346639e+38	-3.40282346639e+38	-3.40282346639e+38	-3.40282346639e+38	-3.40282346639e+38	-3.40282346639e+38	-3.40282346639e+38	-3.40282346639e+38	-3.40282346639e+38	-3.40282346639e+38	-3.40282346639e+38	
