out/0000000016h.asc
ncols 11
nrows 101
xllcorner -0.5
yllcorner -0.5
cellsize 1.0
nodata_value -3.40282346639e+38
-3.40282346639e+38	-3.40282346639e+38	-3.40282346639e+38	-3.40282346639e+38	-3.40282346639e+38	-3.40282346639e+38	-3.40282346639e+38	-3.40282346639e+38	-3.40282346639e+38	-3.40282346639e+38	-3.40282346639e+38	
-3.40282346639e+38	-3.40282346639e+38	-3.40282346639e+38	-3.40282346639e+38	-3.40282346639e+38	-3.40282346639e+38	-3.40282346639e+38	-3.40282346639e+38	-3.40282346639e+38	-3.40282346639e+38	-3.40282346639e+38	
-3.40282346639e+38	0.00015528234678	0.00015528234678	0.00015528234678	0.00015528234678	0.00015528234678	0.00015528234678	0.00015528234678	0.00015528234678	-3.40282346639e+38	-3.40282346639e+38	
-3.40282346639e+38	0.000155539738274	0.000155539738274	0.000155539738274	0.000155539738274	0.000155539738274	0.000155539738274	0.000155539738274	0.000155539738274	-3.40282346639e+38	-3.40282346639e+38	
-3.40282346639e+38	0.00015555050718	0.00015555050718	0.00015555050718	0.00015555050718	0.00015555050718	0.00015555050718	0.00015555050718	0.00015555050718	-3.40282346639e+38	-3.40282346639e+38	
-3.40282346639e+38	0.000155550899491	0.000155550899491	0.000155550899491	0.000155550899491	0.000155550899491	0.000155550899491	0.000155550899491	0.000155550899491	-3.40282346639e+38	-3.40282346639e+38	
-3.40282346639e+38	0.00015555092803	0.00015555092803	0.00015555092803	0.00015555092803	0.00015555092803	0.00015555092803	0.00015555092803	0.00015555092803	-3.40282346639e+38	-3.40282346639e+38	
-3.40282346639e+38	0.000155550943229	0.000155550943229	0.000155550943229	0.000155550943229	0.000155550943229	0.000155550943229	0.000155550943229	0.000155550943229	-3.40282346639e+38	-3.40282346639e+38	
-3.40282346639e+38	0.000155550955985	0.000155550955985	0.000155550955985	0.000155550955985	0.000155550955985	0.000155550955985	0.000155550955985	0.000155550955985	-3.40282346639e+38	-3.40282346639e+38	
-3.40282346639e+38	0.000155550966883	0.000155550966883	0.000155550966883	0.000155550966883	0.000155550966883	0.000155550966883	0.000155550966883	0.000155550966883	-3.40282346639e+38	-3.40282346639e+38	
-3.40282346639e+38	0.000155550976191	0.000155550976191	0.000155550976191	0.000155550976191	0.000155550976191	0.000155550976191	0.000155550976191	0.000155550976191	-3.40282346639e+38	-3.40282346639e+38	
-3.40282346639e+38	0.000155550984137	0.000155550984137	0.000155550984137	0.000155550984137	0.000155550984137	0.000155550984137	0.000155550984137	0.000155550984137	-3.40282346639e+38	-3.40282346639e+38	
-3.40282346639e+38	0.000155550990917	0.000155550990917	0.000155550990917	0.000155550990917	0.000155550990917	0.000155550990917	0.000155550990917	0.000155550990917	-3.40282346639e+38	-3.40282346639e+38	
-3.40282346639e+38	0.0001555509967	0.0001555509967	0.0001555509967	0.0001555509967	0.0001555509967	0.0001555509967	0.0001555509967	0.0001555509967	-3.40282346639e+38	-3.40282346639e+38	
-3.40282346639e+38	0.000155551001631	0.000155551001631	0.000155551001631	0.000155551001631	0.000155551001631	0.000155551001631	0.000155551001631	0.000155551001631	-3.40282346639e+38	-3.40282346639e+38	
-3.40282346639e+38	0.000155551005836	0.000155551005836	0.000155551005836	0.000155551005836	0.000155551005836	0.000155551005836	0.000155551005836	0.000155551005836	-3.40282346639e+38	-3.40282346639e+38	
-3.40282346639e+38	0.000155551009421	0.000155551009421	0.000155551009421	0.000155551009421	0.000155551009421	0.000155551009421	0.000155551009421	0.000155551009421	-3.40282346639e+38	-3.40282346639e+38	
-3.40282346639e+38	0.000155551012477	0.000155551012477	0.000155551012477	0.000155551012477	0.000155551012477	0.000155551012477	0.000155551012477	0.000155551012477	-3.40282346639e+38	-3.40282346639e+38	
-3.40282346639e+38	0.000155551015083	0.000155551015083	0.000155551015083	0.000155551015083	0.000155551015083	0.000155551015083	0.000155551015083	0.000155551015083	-3.40282346639e+38	-3.40282346639e+38	
-3.40282346639e+38	0.000155551017304	0.000155551017304	0.000155551017304	0.000155551017304	0.000155551017304	0.000155551017304	0.000155551017304	0.000155551017304	-3.40282346639e+38	-3.40282346639e+38	
-3.40282346639e+38	0.000155551019199	0.000155551019199	0.000155551019199	0.000155551019199	0.000155551019199	0.000155551019199	0.000155551019199	0.000155551019199	-3.40282346639e+38	-3.40282346639e+38	
-3.40282346639e+38	0.000155551020815	0.000155551020815	0.000155551020815	0.000155551020815	0.000155551020815	0.000155551020815	0.000155551020815	0.000155551020815	-3.40282346639e+38	-3.40282346639e+38	
-3.40282346639e+38	0.000155551022194	0.000155551022194	0.000155551022194	0.000155551022194	0.000155551022194	0.000155551022194	0.000155551022194	0.000155551022194	-3.40282346639e+38	-3.40282346639e+38	
-3.40282346639e+38	0.00015555102337	0.00015555102337	0.00015555102337	0.00015555102337	0.00015555102337	0.00015555102337	0.00015555102337	0.00015555102337	-3.40282346639e+38	-3.40282346639e+38	
-3.40282346639e+38	0.000155551024374	0.000155551024374	0.000155551024374	0.000155551024374	0.000155551024374	0.000155551024374	0.000155551024374	0.000155551024374	-3.40282346639e+38	-3.40282346639e+38	
-3.40282346639e+38	0.000155551025232	0.000155551025232	0.000155551025232	0.000155551025232	0.000155551025232	0.000155551025232	0.000155551025232	0.000155551025232	-3.40282346639e+38	-3.40282346639e+38	
-3.40282346639e+38	0.000155551025964	0.000155551025964	0.000155551025964	0.000155551025964	0.000155551025964	0.000155551025964	0.000155551025964	0.000155551025964	-3.40282346639e+38	-3.40282346639e+38	
-3.40282346639e+38	0.00015555102659	0.00015555102659	0.00015555102659	0.00015555102659	0.00015555102659	0.00015555102659	0.00015555102659	0.00015555102659	-3.40282346639e+38	-3.40282346639e+38	
-3.40282346639e+38	0.000155551027125	0.000155551027125	0.000155551027125	0.000155551027125	0.000155551027125	0.000155551027125	0.000155551027125	0.000155551027125	-3.40282346639e+38	-3.40282346639e+38	
-3.40282346639e+38	0.000155551027583	0.000155551027583	0.000155551027583	0.000155551027583	0.000155551027583	0.000155551027583	0.000155551027583	0.000155551027583	-3.40282346639e+38	-3.40282346639e+38	
-3.40282346639e+38	0.000155551027974	0.000155551027974	0.000155551027974	0.000155551027974	0.000155551027974	0.000155551027974	0.000155551027974	0.000155551027974	-3.40282346639e+38	-3.40282346639e+38	
-3.40282346639e+38	0.000155551028309	0.000155551028309	0.000155551028309	0.000155551028309	0.000155551028309	0.000155551028309	0.000155551028309	0.000155551028309	-3.40282346639e+38	-3.40282346639e+38	
-3.40282346639e+38	0.000155551028595	0.000155551028595	0.000155551028595	0.000155551028595	0.000155551028595	0.000155551028595	0.000155551028595	0.000155551028595	-3.40282346639e+38	-3.40282346639e+38	
-3.40282346639e+38	0.000155551028841	0.000155551028841	0.000155551028841	0.000155551028841	0.000155551028841	0.000155551028841	0.000155551028841	0.000155551028841	-3.40282346639e+38	-3.40282346639e+38	
-3.40282346639e+38	0.000155551029051	0.000155551029051	0.000155551029051	0.000155551029051	0.000155551029051	0.000155551029051	0.000155551029051	0.000155551029051	-3.40282346639e+38	-3.40282346639e+38	
-3.40282346639e+38	0.000155551029231	0.000155551029231	0.000155551029231	0.000155551029231	0.000155551029231	0.000155551029231	0.000155551029231	0.000155551029231	-3.40282346639e+38	-3.40282346639e+38	
-3.40282346639e+38	0.000155551029386	0.000155551029386	0.000155551029386	0.000155551029386	0.000155551029386	0.000155551029386	0.000155551029386	0.000155551029386	-3.40282346639e+38	-3.40282346639e+38	
-3.40282346639e+38	0.000155551029519	0.000155551029519	0.000155551029519	0.000155551029519	0.000155551029519	0.000155551029519	0.000155551029519	0.000155551029519	-3.40282346639e+38	-3.40282346639e+38	
-3.40282346639e+38	0.000155551029633	0.000155551029633	0.000155551029633	0.000155551029633	0.000155551029633	0.000155551029633	0.000155551029633	0.000155551029633	-3.40282346639e+38	-3.40282346639e+38	
-3.40282346639e+38	0.00015555102973	0.00015555102973	0.00015555102973	0.00015555102973	0.00015555102973	0.00015555102973	0.00015555102973	0.00015555102973	-3.40282346639e+38	-3.40282346639e+38	
-3.40282346639e+38	0.000155551029814	0.000155551029814	0.000155551029814	0.000155551029814	0.000155551029814	0.000155551029814	0.000155551029814	0.000155551029814	-3.40282346639e+38	-3.40282346639e+38	
-3.40282346639e+38	0.000155551029887	0.000155551029887	0.000155551029887	0.000155551029887	0.000155551029887	0.000155551029887	0.000155551029887	0.000155551029887	-3.40282346639e+38	-3.40282346639e+38	
-3.40282346639e+38	0.000155551029949	0.000155551029949	0.000155551029949	0.000155551029949	0.000155551029949	0.000155551029949	0.000155551029949	0.000155551029949	-3.40282346639e+38	-3.40282346639e+38	
-3.40282346639e+38	0.000155551030002	0.000155551030002	0.000155551030002	0.000155551030002	0.000155551030002	0.000155551030002	0.000155551030002	0.000155551030002	-3.40282346639e+38	-3.40282346639e+38	
-3.40282346639e+38	0.000155551030048	0.000155551030048	0.000155551030048	0.000155551030048	0.000155551030048	0.000155551030048	0.000155551030048	0.000155551030048	-3.40282346639e+38	-3.40282346639e+38	
-3.40282346639e+38	0.000155551030088	0.000155551030088	0.000155551030088	0.000155551030088	0.000155551030088	0.000155551030088	0.000155551030088	0.000155551030088	-3.40282346639e+38	-3.40282346639e+38	
-3.40282346639e+38	0.000155551030122	0.000155551030122	0.000155551030122	0.000155551030122	0.000155551030122	0.000155551030122	0.000155551030122	0.000155551030122	-3.40282346639e+38	-3.40282346639e+38	
-3.40282346639e+38	0.000155551030152	0.000155551030152	0.000155551030152	0.000155551030152	0.000155551030152	0.000155551030152	0.000155551030152	0.000155551030152	-3.40282346639e+38	-3.40282346639e+38	
-3.40282346639e+38	0.000155551030177	0.000155551030177	0.000155551030177	0.000155551030177	0.000155551030177	0.000155551030177	0.000155551030177	0.000155551030177	-3.40282346639e+38	-3.40282346639e+38	
-3.40282346639e+38	0.000155551030199	0.000155551030199	0.000155551030199	0.000155551030199	0.000155551030199	0.000155551030199	0.000155551030199	0.000155551030199	-3.40282346639e+38	-3.40282346639e+38	
-3.40282346639e+38	0.000155551030218	0.000155551030218	0.000155551030218	0.000155551030218	0.000155551030218	0.000155551030218	0.000155551030218	0.000155551030218	-3.40282346639e+38	-3.40282346639e+38	
-3.40282346639e+38	0.000155551030234	0.000155551030234	0.000155551030234	0.000155551030234	0.000155551030234	0.000155551030234	0.000155551030234	0.000155551030234	-3.40282346639e+38	-3.40282346639e+38	
-3.40282346639e+38	0.000155551030248	0.000155551030248	0.000155551030248	0.000155551030248	0.000155551030248	0.000155551030248	0.000155551030248	0.000155551030248	-3.40282346639e+38	-3.40282346639e+38	
-3.40282346639e+38	0.000155551030261	0.000155551030261	0.000155551030261	0.000155551030261	0.000155551030261	0.000155551030261	0.000155551030261	0.000155551030261	-3.40282346639e+38	-3.40282346639e+38	
-3.40282346639e+38	0.000155551030271	0.000155551030271	0.000155551030271	0.000155551030271	0.000155551030271	0.000155551030271	0.000155551030271	0.000155551030271	-3.40282346639e+38	-3.40282346639e+38	
-3.40282346639e+38	0.00015555103028	0.00015555103028	0.00015555103028	0.00015555103028	0.00015555103028	0.00015555103028	0.00015555103028	0.00015555103028	-3.40282346639e+38	-3.40282346639e+38	
-3.40282346639e+38	0.000155551030288	0.000155551030288	0.000155551030288	0.000155551030288	0.000155551030288	0.000155551030288	0.000155551030288	0.000155551030288	-3.40282346639e+38	-3.40282346639e+38	
-3.40282346639e+38	0.000155551030295	0.000155551030295	0.000155551030295	0.000155551030295	0.000155551030295	0.000155551030295	0.000155551030295	0.000155551030295	-3.40282346639e+38	-3.40282346639e+38	
-3.40282346639e+38	0.000155551030301	0.000155551030301	0.000155551030301	0.000155551030301	0.000155551030301	0.000155551030301	0.000155551030301	0.000155551030301	-3.40282346639e+38	-3.40282346639e+38	
-3.40282346639e+38	0.000155551030306	0.000155551030306	0.000155551030306	0.000155551030306	0.000155551030306	0.000155551030306	0.000155551030306	0.000155551030306	-3.40282346639e+38	-3.40282346639e+38	
-3.40282346639e+38	0.000155551030311	0.000155551030311	0.000155551030311	0.000155551030311	0.000155551030311	0.000155551030311	0.000155551030311	0.000155551030311	-3.40282346639e+38	-3.40282346639e+38	
-3.40282346639e+38	0.000155551030315	0.000155551030315	0.000155551030315	0.000155551030315	0.000155551030315	0.000155551030315	0.000155551030315	0.000155551030315	-3.40282346639e+38	-3.40282346639e+38	
-3.40282346639e+38	0.000155551030318	0.000155551030318	0.000155551030318	0.000155551030318	0.000155551030318	0.000155551030318	0.000155551030318	0.000155551030318	-3.40282346639e+38	-3.40282346639e+38	
-3.40282346639e+38	0.000155551030321	0.000155551030321	0.000155551030321	0.000155551030321	0.000155551030321	0.000155551030321	0.000155551030321	0.000155551030321	-3.40282346639e+38	-3.40282346639e+38	
-3.40282346639e+38	0.000155551030324	0.000155551030324	0.000155551030324	0.000155551030324	0.000155551030324	0.000155551030324	0.000155551030324	0.000155551030324	-3.40282346639e+38	-3.40282346639e+38	
-3.40282346639e+38	0.000155551030326	0.000155551030326	0.000155551030326	0.000155551030326	0.000155551030326	0.000155551030326	0.000155551030326	0.000155551030326	-3.40282346639e+38	-3.40282346639e+38	
-3.40282346639e+38	0.000155551030328	0.000155551030328	0.000155551030328	0.000155551030328	0.000155551030328	0.000155551030328	0.000155551030328	0.000155551030328	-3.40282346639e+38	-3.40282346639e+38	
-3.40282346639e+38	0.00015555103033	0.00015555103033	0.00015555103033	0.00015555103033	0.00015555103033	0.00015555103033	0.00015555103033	0.00015555103033	-3.40282346639e+38	-3.40282346639e+38	
-3.40282346639e+38	0.000155551030331	0.000155551030331	0.000155551030331	0.000155551030331	0.000155551030331	0.000155551030331	0.000155551030331	0.000155551030331	-3.40282346639e+38	-3.40282346639e+38	
-3.40282346639e+38	0.000155551030332	0.000155551030332	0.000155551030332	0.000155551030332	0.000155551030332	0.000155551030332	0.000155551030332	0.000155551030332	-3.40282346639e+38	-3.40282346639e+38	
-3.40282346639e+38	0.000155551030334	0.000155551030334	0.000155551030334	0.000155551030334	0.000155551030334	0.000155551030334	0.000155551030334	0.000155551030334	-3.40282346639e+38	-3.40282346639e+38	
-3.40282346639e+38	0.000155551030335	0.000155551030335	0.000155551030335	0.000155551030335	0.000155551030335	0.000155551030335	0.000155551030335	0.000155551030335	-3.40282346639e+38	-3.40282346639e+38	
-3.40282346639e+38	0.000155551030336	0.000155551030336	0.000155551030336	0.000155551030336	0.000155551030336	0.000155551030336	0.000155551030336	0.000155551030336	-3.40282346639e+38	-3.40282346639e+38	
-3.40282346639e+38	0.000155551030336	0.000155551030336	0.000155551030336	0.000155551030336	0.000155551030336	0.000155551030336	0.000155551030336	0.000155551030336	-3.40282346639e+38	-3.40282346639e+38	
-3.40282346639e+38	0.000155551030337	0.000155551030337	0.000155551030337	0.000155551030337	0.000155551030337	0.000155551030337	0.000155551030337	0.000155551030337	-3.40282346639e+38	-3.40282346639e+38	
-3.40282346639e+38	0.000155551030338	0.000155551030338	0.000155551030338	0.000155551030338	0.000155551030338	0.000155551030338	0.000155551030338	0.000155551030338	-3.40282346639e+38	-3.40282346639e+38	
-3.40282346639e+38	0.000155551030338	0.000155551030338	0.000155551030338	0.000155551030338	0.000155551030338	0.000155551030338	0.000155551030338	0.000155551030338	-3.40282346639e+38	-3.40282346639e+38	
-3.40282346639e+38	0.000155551030339	0.000155551030339	0.000155551030339	0.000155551030339	0.000155551030339	0.000155551030339	0.000155551030339	0.000155551030339	-3.40282346639e+38	-3.40282346639e+38	
-3.40282346639e+38	0.000155551030339	0.000155551030339	0.000155551030339	0.000155551030339	0.000155551030339	0.000155551030339	0.000155551030339	0.000155551030339	-3.40282346639e+38	-3.40282346639e+38	
-3.40282346639e+38	0.000155551030339	0.000155551030339	0.000155551030339	0.000155551030339	0.000155551030339	0.000155551030339	0.000155551030339	0.000155551030339	-3.40282346639e+38	-3.40282346639e+38	
-3.40282346639e+38	0.00015555103034	0.00015555103034	0.00015555103034	0.00015555103034	0.00015555103034	0.00015555103034	0.00015555103034	0.00015555103034	-3.40282346639e+38	-3.40282346639e+38	
-3.40282346639e+38	0.00015555103034	0.00015555103034	0.00015555103034	0.00015555103034	0.00015555103034	0.00015555103034	0.00015555103034	0.00015555103034	-3.40282346639e+38	-3.40282346639e+38	
-3.40282346639e+38	0.00015555103034	0.00015555103034	0.00015555103034	0.00015555103034	0.00015555103034	0.00015555103034	0.00015555103034	0.00015555103034	-3.40282346639e+38	-3.40282346639e+38	
-3.40282346639e+38	0.00015555103034	0.00015555103034	0.00015555103034	0.00015555103034	0.00015555103034	0.00015555103034	0.00015555103034	0.00015555103034	-3.40282346639e+38	-3.40282346639e+38	
-3.40282346639e+38	0.00015555103034	0.00015555103034	0.00015555103034	0.00015555103034	0.00015555103034	0.00015555103034	0.00015555103034	0.00015555103034	-3.40282346639e+38	-3.40282346639e+38	
-3.40282346639e+38	0.000155551030341	0.000155551030341	0.000155551030341	0.000155551030341	0.000155551030341	0.000155551030341	0.000155551030341	0.000155551030341	-3.40282346639e+38	-3.40282346639e+38	
-3.40282346639e+38	0.000155551030341	0.000155551030341	0.000155551030341	0.000155551030341	0.000155551030341	0.000155551030341	0.000155551030341	0.000155551030341	-3.40282346639e+38	-3.40282346639e+38	
-3.40282346639e+38	0.000155551030341	0.000155551030341	0.000155551030341	0.000155551030341	0.000155551030341	0.000155551030341	0.000155551030341	0.000155551030341	-3.40282346639e+38	-3.40282346639e+38	
-3.40282346639e+38	0.000155551030341	0.000155551030341	0.000155551030341	0.000155551030341	0.000155551030341	0.000155551030341	0.000155551030341	0.000155551030341	-3.40282346639e+38	-3.40282346639e+38	
-3.40282346639e+38	0.000155551030341	0.000155551030341	0.000155551030341	0.000155551030341	0.000155551030341	0.000155551030341	0.000155551030341	0.000155551030341	-3.40282346639e+38	-3.40282346639e+38	
-3.40282346639e+38	0.000155551030341	0.000155551030341	0.000155551030341	0.000155551030341	0.000155551030341	0.000155551030341	0.000155551030341	0.000155551030341	-3.40282346639e+38	-3.40282346639e+38	
-3.40282346639e+38	0.000155551030341	0.000155551030341	0.000155551030341	0.000155551030341	0.000155551030341	0.000155551030341	0.000155551030341	0.000155551030341	-3.40282346639e+38	-3.40282346639e+38	
-3.40282346639e+38	0.000155551030341	0.000155551030341	0.000155551030341	0.000155551030341	0.000155551030341	0.000155551030341	0.000155551030341	0.000155551030341	-3.40282346639e+38	-3.40282346639e+38	
-3.40282346639e+38	0.000155551030341	0.000155551030341	0.000155551030341	0.000155551030341	0.000155551030341	0.000155551030341	0.000155551030341	0.000155551030341	-3.40282346639e+38	-3.40282346639e+38	
-3.40282346639e+38	0.000155551030342	0.000155551030342	0.000155551030342	0.000155551030342	0.000155551030342	0.000155551030342	0.000155551030342	0.000155551030342	-3.40282346639e+38	-3.40282346639e+38	
-3.40282346639e+38	0.000155551030342	0.000155551030342	0.000155551030342	0.000155551030342	0.000155551030342	0.000155551030342	0.000155551030342	0.000155551030342	-3.40282346639e+38	-3.40282346639e+38	
-3.40282346639e+38	0.000155551030342	0.000155551030342	0.000155551030342	0.000155551030342	0.000155551030342	0.000155551030342	0.000155551030342	0.000155551030342	-3.40282346639e+38	-3.40282346639e+38	
-3.40282346639e+38	0.000155551030342	0.000155551030342	0.000155551030342	0.000155551030342	0.000155551030342	0.000155551030342	0.000155551030342	0.000155551030342	-3.40282346639e+38	-3.40282346639e+38	
-3.40282346639e+38	0.000155551030342	0.000155551030342	0.000155551030342	0.000155551030342	0.000155551030342	0.000155551030342	0.000155551030342	0.000155551030342	-3.40282346639e+38	-3.40282346639e+38	
-3.40282346639e+38	0.000155551030342	0.000155551030342	0.000155551030342	0.000155551030342	0.000155551030342	0.000155551030342	0.000155551030342	0.000155551030342	-3.40282346639e+38	-3.40282346639e+38	
-3.40282346639e+38	-3.40282346639e+38	-3.40282346639e+38	-3.40282346639e+38	-3.40282346639e+38	-3.40282346639e+38	-3.40282346639e+38	-3.40282346639e+38	-3.40282346639e+38	-3.40282346639e+38	-3.40282346639e+38	
