out/0000000035h.asc
ncols 11
nrows 101
xllcorner -0.5
yllcorner -0.5
cellsize 1.0
nodata_value -3.40282346639e+38
-3.40282346639e+38	-3.40282346639e+38	-3.40282346639e+38	-3.40282346639e+38	-3.40282346639e+38	-3.40282346639e+38	-3.40282346639e+38	-3.40282346639e+38	-3.40282346639e+38	-3.40282346639e+38	-3.40282346639e+38	
-3.40282346639e+38	-3.40282346639e+38	-3.40282346639e+38	-3.40282346639e+38	-3.40282346639e+38	-3.40282346639e+38	-3.40282346639e+38	-3.40282346639e+38	-3.40282346639e+38	-3.40282346639e+38	-3.40282346639e+38	
-3.40282346639e+38	0.000356090829574	0.000356090829574	0.000356090829574	0.000356090829574	0.000356090829574	0.000356090829574	0.000356090829574	0.000356090829574	-3.40282346639e+38	-3.40282346639e+38	
-3.40282346639e+38	0.000362590188163	0.000362590188163	0.000362590188163	0.000362590188163	0.000362590188163	0.000362590188163	0.000362590188163	0.000362590188163	-3.40282346639e+38	-3.40282346639e+38	
-3.40282346639e+38	0.000363559455167	0.000363559455167	0.000363559455167	0.000363559455167	0.000363559455167	0.000363559455167	0.000363559455167	0.000363559455167	-3.40282346639e+38	-3.40282346639e+38	
-3.40282346639e+38	0.000363678087828	0.000363678087828	0.000363678087828	0.000363678087828	0.000363678087828	0.000363678087828	0.000363678087828	0.000363678087828	-3.40282346639e+38	-3.40282346639e+38	
-3.40282346639e+38	0.000363690460433	0.000363690460433	0.000363690460433	0.000363690460433	0.000363690460433	0.000363690460433	0.000363690460433	0.000363690460433	-3.40282346639e+38	-3.40282346639e+38	
-3.40282346639e+38	0.000363691603147	0.000363691603147	0.000363691603147	0.000363691603147	0.000363691603147	0.000363691603147	0.000363691603147	0.000363691603147	-3.40282346639e+38	-3.40282346639e+38	
-3.40282346639e+38	0.000363691708675	0.000363691708675	0.000363691708675	0.000363691708675	0.000363691708675	0.000363691708675	0.000363691708675	0.000363691708675	-3.40282346639e+38	-3.40282346639e+38	
-3.40282346639e+38	0.000363691727127	0.000363691727127	0.000363691727127	0.000363691727127	0.000363691727127	0.000363691727127	0.000363691727127	0.000363691727127	-3.40282346639e+38	-3.40282346639e+38	
-3.40282346639e+38	0.000363691737538	0.000363691737538	0.000363691737538	0.000363691737538	0.000363691737538	0.000363691737538	0.000363691737538	0.000363691737538	-3.40282346639e+38	-3.40282346639e+38	
-3.40282346639e+38	0.000363691746063	0.000363691746063	0.000363691746063	0.000363691746063	0.000363691746063	0.000363691746063	0.000363691746063	0.000363691746063	-3.40282346639e+38	-3.40282346639e+38	
-3.40282346639e+38	0.000363691753316	0.000363691753316	0.000363691753316	0.000363691753316	0.000363691753316	0.000363691753316	0.000363691753316	0.000363691753316	-3.40282346639e+38	-3.40282346639e+38	
-3.40282346639e+38	0.000363691759503	0.000363691759503	0.000363691759503	0.000363691759503	0.000363691759503	0.000363691759503	0.000363691759503	0.000363691759503	-3.40282346639e+38	-3.40282346639e+38	
-3.40282346639e+38	0.000363691764781	0.000363691764781	0.000363691764781	0.000363691764781	0.000363691764781	0.000363691764781	0.000363691764781	0.000363691764781	-3.40282346639e+38	-3.40282346639e+38	
-3.40282346639e+38	0.000363691769282	0.000363691769282	0.000363691769282	0.000363691769282	0.000363691769282	0.000363691769282	0.000363691769282	0.000363691769282	-3.40282346639e+38	-3.40282346639e+38	
-3.40282346639e+38	0.00036369177312	0.00036369177312	0.00036369177312	0.00036369177312	0.00036369177312	0.00036369177312	0.00036369177312	0.00036369177312	-3.40282346639e+38	-3.40282346639e+38	
-3.40282346639e+38	0.000363691776393	0.000363691776393	0.000363691776393	0.000363691776393	0.000363691776393	0.000363691776393	0.000363691776393	0.000363691776393	-3.40282346639e+38	-3.40282346639e+38	
-3.40282346639e+38	0.000363691779184	0.000363691779184	0.000363691779184	0.000363691779184	0.000363691779184	0.000363691779184	0.000363691779184	0.000363691779184	-3.40282346639e+38	-3.40282346639e+38	
-3.40282346639e+38	0.000363691781564	0.000363691781564	0.000363691781564	0.000363691781564	0.000363691781564	0.000363691781564	0.000363691781564	0.000363691781564	-3.40282346639e+38	-3.40282346639e+38	
-3.40282346639e+38	0.000363691783594	0.000363691783594	0.000363691783594	0.000363691783594	0.000363691783594	0.000363691783594	0.000363691783594	0.000363691783594	-3.40282346639e+38	-3.40282346639e+38	
-3.40282346639e+38	0.000363691785326	0.000363691785326	0.000363691785326	0.000363691785326	0.000363691785326	0.000363691785326	0.000363691785326	0.000363691785326	-3.40282346639e+38	-3.40282346639e+38	
-3.40282346639e+38	0.000363691786803	0.000363691786803	0.000363691786803	0.000363691786803	0.000363691786803	0.000363691786803	0.000363691786803	0.000363691786803	-3.40282346639e+38	-3.40282346639e+38	
-3.40282346639e+38	0.000363691788064	0.000363691788064	0.000363691788064	0.000363691788064	0.000363691788064	0.000363691788064	0.000363691788064	0.000363691788064	-3.40282346639e+38	-3.40282346639e+38	
-3.40282346639e+38	0.00036369178914	0.00036369178914	0.00036369178914	0.00036369178914	0.00036369178914	0.00036369178914	0.00036369178914	0.00036369178914	-3.40282346639e+38	-3.40282346639e+38	
-3.40282346639e+38	0.000363691790059	0.000363691790059	0.000363691790059	0.000363691790059	0.000363691790059	0.000363691790059	0.000363691790059	0.000363691790059	-3.40282346639e+38	-3.40282346639e+38	
-3.40282346639e+38	0.000363691790845	0.000363691790845	0.000363691790845	0.000363691790845	0.000363691790845	0.000363691790845	0.000363691790845	0.000363691790845	-3.40282346639e+38	-3.40282346639e+38	
-3.40282346639e+38	0.000363691791515	0.000363691791515	0.000363691791515	0.000363691791515	0.000363691791515	0.000363691791515	0.000363691791515	0.000363691791515	-3.40282346639e+38	-3.40282346639e+38	
-3.40282346639e+38	0.000363691792089	0.000363691792089	0.000363691792089	0.000363691792089	0.000363691792089	0.000363691792089	0.000363691792089	0.000363691792089	-3.40282346639e+38	-3.40282346639e+38	
-3.40282346639e+38	0.000363691792579	0.000363691792579	0.000363691792579	0.000363691792579	0.000363691792579	0.000363691792579	0.000363691792579	0.000363691792579	-3.40282346639e+38	-3.40282346639e+38	
-3.40282346639e+38	0.000363691792999	0.000363691792999	0.000363691792999	0.000363691792999	0.000363691792999	0.000363691792999	0.000363691792999	0.000363691792999	-3.40282346639e+38	-3.40282346639e+38	
-3.40282346639e+38	0.000363691793358	0.000363691793358	0.000363691793358	0.000363691793358	0.000363691793358	0.000363691793358	0.000363691793358	0.000363691793358	-3.40282346639e+38	-3.40282346639e+38	
-3.40282346639e+38	0.000363691793665	0.000363691793665	0.000363691793665	0.000363691793665	0.000363691793665	0.000363691793665	0.000363691793665	0.000363691793665	-3.40282346639e+38	-3.40282346639e+38	
-3.40282346639e+38	0.000363691793928	0.000363691793928	0.000363691793928	0.000363691793928	0.000363691793928	0.000363691793928	0.000363691793928	0.000363691793928	-3.40282346639e+38	-3.40282346639e+38	
-3.40282346639e+38	0.000363691794154	0.000363691794154	0.000363691794154	0.000363691794154	0.000363691794154	0.000363691794154	0.000363691794154	0.000363691794154	-3.40282346639e+38	-3.40282346639e+38	
-3.40282346639e+38	0.000363691794347	0.000363691794347	0.000363691794347	0.000363691794347	0.000363691794347	0.000363691794347	0.000363691794347	0.000363691794347	-3.40282346639e+38	-3.40282346639e+38	
-3.40282346639e+38	0.000363691794513	0.000363691794513	0.000363691794513	0.000363691794513	0.000363691794513	0.000363691794513	0.000363691794513	0.000363691794513	-3.40282346639e+38	-3.40282346639e+38	
-3.40282346639e+38	0.000363691794655	0.000363691794655	0.000363691794655	0.000363691794655	0.000363691794655	0.000363691794655	0.000363691794655	0.000363691794655	-3.40282346639e+38	-3.40282346639e+38	
-3.40282346639e+38	0.000363691794777	0.000363691794777	0.000363691794777	0.000363691794777	0.000363691794777	0.000363691794777	0.000363691794777	0.000363691794777	-3.40282346639e+38	-3.40282346639e+38	
-3.40282346639e+38	0.000363691794882	0.000363691794882	0.000363691794882	0.000363691794882	0.000363691794882	0.000363691794882	0.000363691794882	0.000363691794882	-3.40282346639e+38	-3.40282346639e+38	
-3.40282346639e+38	0.000363691794972	0.000363691794972	0.000363691794972	0.000363691794972	0.000363691794972	0.000363691794972	0.000363691794972	0.000363691794972	-3.40282346639e+38	-3.40282346639e+38	
-3.40282346639e+38	0.00036369179505	0.00036369179505	0.00036369179505	0.00036369179505	0.00036369179505	0.00036369179505	0.00036369179505	0.00036369179505	-3.40282346639e+38	-3.40282346639e+38	
-3.40282346639e+38	0.000363691795116	0.000363691795116	0.000363691795116	0.000363691795116	0.000363691795116	0.000363691795116	0.000363691795116	0.000363691795116	-3.40282346639e+38	-3.40282346639e+38	
-3.40282346639e+38	0.000363691795174	0.000363691795174	0.000363691795174	0.000363691795174	0.000363691795174	0.000363691795174	0.000363691795174	0.000363691795174	-3.40282346639e+38	-3.40282346639e+38	
-3.40282346639e+38	0.000363691795223	0.000363691795223	0.000363691795223	0.000363691795223	0.000363691795223	0.000363691795223	0.000363691795223	0.000363691795223	-3.40282346639e+38	-3.40282346639e+38	
-3.40282346639e+38	0.000363691795265	0.000363691795265	0.000363691795265	0.000363691795265	0.000363691795265	0.000363691795265	0.000363691795265	0.000363691795265	-3.40282346639e+38	-3.40282346639e+38	
-3.40282346639e+38	0.000363691795302	0.000363691795302	0.000363691795302	0.000363691795302	0.000363691795302	0.000363691795302	0.000363691795302	0.000363691795302	-3.40282346639e+38	-3.40282346639e+38	
-3.40282346639e+38	0.000363691795334	0.000363691795334	0.000363691795334	0.000363691795334	0.000363691795334	0.000363691795334	0.000363691795334	0.000363691795334	-3.40282346639e+38	-3.40282346639e+38	
-3.40282346639e+38	0.000363691795361	0.000363691795361	0.000363691795361	0.000363691795361	0.000363691795361	0.000363691795361	0.000363691795361	0.000363691795361	-3.40282346639e+38	-3.40282346639e+38	
-3.40282346639e+38	0.000363691795384	0.000363691795384	0.000363691795384	0.000363691795384	0.000363691795384	0.000363691795384	0.000363691795384	0.000363691795384	-3.40282346639e+38	-3.40282346639e+38	
-3.40282346639e+38	0.000363691795405	0.000363691795405	0.000363691795405	0.000363691795405	0.000363691795405	0.000363691795405	0.000363691795405	0.000363691795405	-3.40282346639e+38	-3.40282346639e+38	
-3.40282346639e+38	0.000363691795422	0.000363691795422	0.000363691795422	0.000363691795422	0.000363691795422	0.000363691795422	0.000363691795422	0.000363691795422	-3.40282346639e+38	-3.40282346639e+38	
-3.40282346639e+38	0.000363691795437	0.000363691795437	0.000363691795437	0.000363691795437	0.000363691795437	0.000363691795437	0.000363691795437	0.000363691795437	-3.40282346639e+38	-3.40282346639e+38	
-3.40282346639e+38	0.00036369179545	0.00036369179545	0.00036369179545	0.00036369179545	0.00036369179545	0.00036369179545	0.00036369179545	0.00036369179545	-3.40282346639e+38	-3.40282346639e+38	
-3.40282346639e+38	0.000363691795462	0.000363691795462	0.000363691795462	0.000363691795462	0.000363691795462	0.000363691795462	0.000363691795462	0.000363691795462	-3.40282346639e+38	-3.40282346639e+38	
-3.40282346639e+38	0.000363691795472	0.000363691795472	0.000363691795472	0.000363691795472	0.000363691795472	0.000363691795472	0.000363691795472	0.000363691795472	-3.40282346639e+38	-3.40282346639e+38	
-3.40282346639e+38	0.00036369179548	0.00036369179548	0.00036369179548	0.00036369179548	0.00036369179548	0.00036369179548	0.00036369179548	0.00036369179548	-3.40282346639e+38	-3.40282346639e+38	
-3.40282346639e+38	0.000363691795488	0.000363691795488	0.000363691795488	0.000363691795488	0.000363691795488	0.000363691795488	0.000363691795488	0.000363691795488	-3.40282346639e+38	-3.40282346639e+38	
-3.40282346639e+38	0.000363691795494	0.000363691795494	0.000363691795494	0.000363691795494	0.000363691795494	0.000363691795494	0.000363691795494	0.000363691795494	-3.40282346639e+38	-3.40282346639e+38	
-3.40282346639e+38	0.0003636917955	0.0003636917955	0.0003636917955	0.0003636917955	0.0003636917955	0.0003636917955	0.0003636917955	0.0003636917955	-3.40282346639e+38	-3.40282346639e+38	
-3.40282346639e+38	0.000363691795504	0.000363691795504	0.000363691795504	0.000363691795504	0.000363691795504	0.000363691795504	0.000363691795504	0.000363691795504	-3.40282346639e+38	-3.40282346639e+38	
-3.40282346639e+38	0.000363691795509	0.000363691795509	0.000363691795509	0.000363691795509	0.000363691795509	0.000363691795509	0.000363691795509	0.000363691795509	-3.40282346639e+38	-3.40282346639e+38	
-3.40282346639e+38	0.000363691795512	0.000363691795512	0.000363691795512	0.000363691795512	0.000363691795512	0.000363691795512	0.000363691795512	0.000363691795512	-3.40282346639e+38	-3.40282346639e+38	
-3.40282346639e+38	0.000363691795515	0.000363691795515	0.000363691795515	0.000363691795515	0.000363691795515	0.000363691795515	0.000363691795515	0.000363691795515	-3.40282346639e+38	-3.40282346639e+38	
-3.40282346639e+38	0.000363691795518	0.000363691795518	0.000363691795518	0.000363691795518	0.000363691795518	0.000363691795518	0.000363691795518	0.000363691795518	-3.40282346639e+38	-3.40282346639e+38	
-3.40282346639e+38	0.000363691795521	0.000363691795521	0.000363691795521	0.000363691795521	0.000363691795521	0.000363691795521	0.000363691795521	0.000363691795521	-3.40282346639e+38	-3.40282346639e+38	
-3.40282346639e+38	0.000363691795523	0.000363691795523	0.000363691795523	0.000363691795523	0.000363691795523	0.000363691795523	0.000363691795523	0.000363691795523	-3.40282346639e+38	-3.40282346639e+38	
-3.40282346639e+38	0.000363691795525	0.000363691795525	0.000363691795525	0.000363691795525	0.000363691795525	0.000363691795525	0.000363691795525	0.000363691795525	-3.40282346639e+38	-3.40282346639e+38	
-3.40282346639e+38	0.000363691795526	0.000363691795526	0.000363691795526	0.000363691795526	0.000363691795526	0.000363691795526	0.000363691795526	0.000363691795526	-3.40282346639e+38	-3.40282346639e+38	
-3.40282346639e+38	0.000363691795528	0.000363691795528	0.000363691795528	0.000363691795528	0.000363691795528	0.000363691795528	0.000363691795528	0.000363691795528	-3.40282346639e+38	-3.40282346639e+38	
-3.40282346639e+38	0.000363691795529	0.000363691795529	0.000363691795529	0.000363691795529	0.000363691795529	0.000363691795529	0.000363691795529	0.000363691795529	-3.40282346639e+38	-3.40282346639e+38	
-3.40282346639e+38	0.00036369179553	0.00036369179553	0.00036369179553	0.00036369179553	0.00036369179553	0.00036369179553	0.00036369179553	0.00036369179553	-3.40282346639e+38	-3.40282346639e+38	
-3.40282346639e+38	0.000363691795531	0.000363691795531	0.000363691795531	0.000363691795531	0.000363691795531	0.000363691795531	0.000363691795531	0.000363691795531	-3.40282346639e+38	-3.40282346639e+38	
-3.40282346639e+38	0.000363691795532	0.000363691795532	0.000363691795532	0.000363691795532	0.000363691795532	0.000363691795532	0.000363691795532	0.000363691795532	-3.40282346639e+38	-3.40282346639e+38	
-3.40282346639e+38	0.000363691795532	0.000363691795532	0.000363691795532	0.000363691795532	0.000363691795532	0.000363691795532	0.000363691795532	0.000363691795532	-3.40282346639e+38	-3.40282346639e+38	
-3.40282346639e+38	0.000363691795533	0.000363691795533	0.000363691795533	0.000363691795533	0.000363691795533	0.000363691795533	0.000363691795533	0.000363691795533	-3.40282346639e+38	-3.40282346639e+38	
-3.40282346639e+38	0.000363691795534	0.000363691795534	0.000363691795534	0.000363691795534	0.000363691795534	0.000363691795534	0.000363691795534	0.000363691795534	-3.40282346639e+38	-3.40282346639e+38	
-3.40282346639e+38	0.000363691795534	0.000363691795534	0.000363691795534	0.000363691795534	0.000363691795534	0.000363691795534	0.000363691795534	0.000363691795534	-3.40282346639e+38	-3.40282346639e+38	
-3.40282346639e+38	0.000363691795534	0.000363691795534	0.000363691795534	0.000363691795534	0.000363691795534	0.000363691795534	0.000363691795534	0.000363691795534	-3.40282346639e+38	-3.40282346639e+38	
-3.40282346639e+38	0.000363691795535	0.000363691795535	0.000363691795535	0.000363691795535	0.000363691795535	0.000363691795535	0.000363691795535	0.000363691795535	-3.40282346639e+38	-3.40282346639e+38	
-3.40282346639e+38	0.000363691795535	0.000363691795535	0.000363691795535	0.000363691795535	0.000363691795535	0.000363691795535	0.000363691795535	0.000363691795535	-3.40282346639e+38	-3.40282346639e+38	
-3.40282346639e+38	0.000363691795535	0.000363691795535	0.000363691795535	0.000363691795535	0.000363691795535	0.000363691795535	0.000363691795535	0.000363691795535	-3.40282346639e+38	-3.40282346639e+38	
-3.40282346639e+38	0.000363691795536	0.000363691795536	0.000363691795536	0.000363691795536	0.000363691795536	0.000363691795536	0.000363691795536	0.000363691795536	-3.40282346639e+38	-3.40282346639e+38	
-3.40282346639e+38	0.000363691795536	0.000363691795536	0.000363691795536	0.000363691795536	0.000363691795536	0.000363691795536	0.000363691795536	0.000363691795536	-3.40282346639e+38	-3.40282346639e+38	
-3.40282346639e+38	0.000363691795536	0.000363691795536	0.000363691795536	0.000363691795536	0.000363691795536	0.000363691795536	0.000363691795536	0.000363691795536	-3.40282346639e+38	-3.40282346639e+38	
-3.40282346639e+38	0.000363691795536	0.000363691795536	0.000363691795536	0.000363691795536	0.000363691795536	0.000363691795536	0.000363691795536	0.000363691795536	-3.40282346639e+38	-3.40282346639e+38	
-3.40282346639e+38	0.000363691795536	0.000363691795536	0.000363691795536	0.000363691795536	0.000363691795536	0.000363691795536	0.000363691795536	0.000363691795536	-3.40282346639e+38	-3.40282346639e+38	
-3.40282346639e+38	0.000363691795537	0.000363691795537	0.000363691795537	0.000363691795537	0.000363691795537	0.000363691795537	0.000363691795537	0.000363691795537	-3.40282346639e+38	-3.40282346639e+38	
-3.40282346639e+38	0.000363691795537	0.000363691795537	0.000363691795537	0.000363691795537	0.000363691795537	0.000363691795537	0.000363691795537	0.000363691795537	-3.40282346639e+38	-3.40282346639e+38	
-3.40282346639e+38	0.000363691795537	0.000363691795537	0.000363691795537	0.000363691795537	0.000363691795537	0.000363691795537	0.000363691795537	0.000363691795537	-3.40282346639e+38	-3.40282346639e+38	
-3.40282346639e+38	0.000363691795537	0.000363691795537	0.000363691795537	0.000363691795537	0.000363691795537	0.000363691795537	0.000363691795537	0.000363691795537	-3.40282346639e+38	-3.40282346639e+38	
-3.40282346639e+38	0.000363691795537	0.000363691795537	0.000363691795537	0.000363691795537	0.000363691795537	0.000363691795537	0.000363691795537	0.000363691795537	-3.40282346639e+38	-3.40282346639e+38	
-3.40282346639e+38	0.000363691795537	0.000363691795537	0.000363691795537	0.000363691795537	0.000363691795537	0.000363691795537	0.000363691795537	0.000363691795537	-3.40282346639e+38	-3.40282346639e+38	
-3.40282346639e+38	0.000363691795537	0.000363691795537	0.000363691795537	0.000363691795537	0.000363691795537	0.000363691795537	0.000363691795537	0.000363691795537	-3.40282346639e+38	-3.40282346639e+38	
-3.40282346639e+38	0.000363691795537	0.000363691795537	0.000363691795537	0.000363691795537	0.000363691795537	0.000363691795537	0.000363691795537	0.000363691795537	-3.40282346639e+38	-3.40282346639e+38	
-3.40282346639e+38	0.000363691795537	0.000363691795537	0.000363691795537	0.000363691795537	0.000363691795537	0.000363691795537	0.000363691795537	0.000363691795537	-3.40282346639e+38	-3.40282346639e+38	
-3.40282346639e+38	0.000363691795537	0.000363691795537	0.000363691795537	0.000363691795537	0.000363691795537	0.000363691795537	0.000363691795537	0.000363691795537	-3.40282346639e+38	-3.40282346639e+38	
-3.40282346639e+38	0.000363691795537	0.000363691795537	0.000363691795537	0.000363691795537	0.000363691795537	0.000363691795537	0.000363691795537	0.000363691795537	-3.40282346639e+38	-3.40282346639e+38	
-3.40282346639e+38	0.000363691795537	0.000363691795537	0.000363691795537	0.000363691795537	0.000363691795537	0.000363691795537	0.000363691795537	0.000363691795537	-3.40282346639e+38	-3.40282346639e+38	
-3.40282346639e+38	0.000363691795537	0.000363691795537	0.000363691795537	0.000363691795537	0.000363691795537	0.000363691795537	0.000363691795537	0.000363691795537	-3.40282346639e+38	-3.40282346639e+38	
-3.40282346639e+38	-3.40282346639e+38	-3.40282346639e+38	-3.40282346639e+38	-3.40282346639e+38	-3.40282346639e+38	-3.40282346639e+38	-3.40282346639e+38	-3.40282346639e+38	-3.40282346639e+38	-3.40282346639e+38	
