out/0000000005h.asc
ncols 11
nrows 101
xllcorner -0.5
yllcorner -0.5
cellsize 1.0
nodata_value -3.40282346639e+38
-3.40282346639e+38	-3.40282346639e+38	-3.40282346639e+38	-3.40282346639e+38	-3.40282346639e+38	-3.40282346639e+38	-3.40282346639e+38	-3.40282346639e+38	-3.40282346639e+38	-3.40282346639e+38	-3.40282346639e+38	
-3.40282346639e+38	-3.40282346639e+38	-3.40282346639e+38	-3.40282346639e+38	-3.40282346639e+38	-3.40282346639e+38	-3.40282346639e+38	-3.40282346639e+38	-3.40282346639e+38	-3.40282346639e+38	-3.40282346639e+38	
-3.40282346639e+38	4.46264235848e-05	4.46264235848e-05	4.46264235848e-05	4.46264235848e-05	4.46264235848e-05	4.46264235848e-05	4.46264235848e-05	4.46264235848e-05	-3.40282346639e+38	-3.40282346639e+38	
-3.40282346639e+38	4.46285855341e-05	4.46285855341e-05	4.46285855341e-05	4.46285855341e-05	4.46285855341e-05	4.46285855341e-05	4.46285855341e-05	4.46285855341e-05	-3.40282346639e+38	-3.40282346639e+38	
-3.40282346639e+38	4.46286246859e-05	4.46286246859e-05	4.46286246859e-05	4.46286246859e-05	4.46286246859e-05	4.46286246859e-05	4.46286246859e-05	4.46286246859e-05	-3.40282346639e+38	-3.40282346639e+38	
-3.40282346639e+38	4.46286447163e-05	4.46286447163e-05	4.46286447163e-05	4.46286447163e-05	4.46286447163e-05	4.46286447163e-05	4.46286447163e-05	4.46286447163e-05	-3.40282346639e+38	-3.40282346639e+38	
-3.40282346639e+38	4.46286618009e-05	4.46286618009e-05	4.46286618009e-05	4.46286618009e-05	4.46286618009e-05	4.46286618009e-05	4.46286618009e-05	4.46286618009e-05	-3.40282346639e+38	-3.40282346639e+38	
-3.40282346639e+38	4.46286764289e-05	4.46286764289e-05	4.46286764289e-05	4.46286764289e-05	4.46286764289e-05	4.46286764289e-05	4.46286764289e-05	4.46286764289e-05	-3.40282346639e+38	-3.40282346639e+38	
-3.40282346639e+38	4.46286889411e-05	4.46286889411e-05	4.46286889411e-05	4.46286889411e-05	4.46286889411e-05	4.46286889411e-05	4.46286889411e-05	4.46286889411e-05	-3.40282346639e+38	-3.40282346639e+38	
-3.40282346639e+38	4.46286996344e-05	4.46286996344e-05	4.46286996344e-05	4.46286996344e-05	4.46286996344e-05	4.46286996344e-05	4.46286996344e-05	4.46286996344e-05	-3.40282346639e+38	-3.40282346639e+38	
-3.40282346639e+38	4.46287087667e-05	4.46287087667e-05	4.46287087667e-05	4.46287087667e-05	4.46287087667e-05	4.46287087667e-05	4.46287087667e-05	4.46287087667e-05	-3.40282346639e+38	-3.40282346639e+38	
-3.40282346639e+38	4.46287165616e-05	4.46287165616e-05	4.46287165616e-05	4.46287165616e-05	4.46287165616e-05	4.46287165616e-05	4.46287165616e-05	4.46287165616e-05	-3.40282346639e+38	-3.40282346639e+38	
-3.40282346639e+38	4.4628723212e-05	4.4628723212e-05	4.4628723212e-05	4.4628723212e-05	4.4628723212e-05	4.4628723212e-05	4.4628723212e-05	4.4628723212e-05	-3.40282346639e+38	-3.40282346639e+38	
-3.40282346639e+38	4.46287288839e-05	4.46287288839e-05	4.46287288839e-05	4.46287288839e-05	4.46287288839e-05	4.46287288839e-05	4.46287288839e-05	4.46287288839e-05	-3.40282346639e+38	-3.40282346639e+38	
-3.40282346639e+38	4.46287337203e-05	4.46287337203e-05	4.46287337203e-05	4.46287337203e-05	4.46287337203e-05	4.46287337203e-05	4.46287337203e-05	4.46287337203e-05	-3.40282346639e+38	-3.40282346639e+38	
-3.40282346639e+38	4.46287378436e-05	4.46287378436e-05	4.46287378436e-05	4.46287378436e-05	4.46287378436e-05	4.46287378436e-05	4.46287378436e-05	4.46287378436e-05	-3.40282346639e+38	-3.40282346639e+38	
-3.40282346639e+38	4.46287413587e-05	4.46287413587e-05	4.46287413587e-05	4.46287413587e-05	4.46287413587e-05	4.46287413587e-05	4.46287413587e-05	4.46287413587e-05	-3.40282346639e+38	-3.40282346639e+38	
-3.40282346639e+38	4.46287443552e-05	4.46287443552e-05	4.46287443552e-05	4.46287443552e-05	4.46287443552e-05	4.46287443552e-05	4.46287443552e-05	4.46287443552e-05	-3.40282346639e+38	-3.40282346639e+38	
-3.40282346639e+38	4.462874691e-05	4.462874691e-05	4.462874691e-05	4.462874691e-05	4.462874691e-05	4.462874691e-05	4.462874691e-05	4.462874691e-05	-3.40282346639e+38	-3.40282346639e+38	
-3.40282346639e+38	4.46287490882e-05	4.46287490882e-05	4.46287490882e-05	4.46287490882e-05	4.46287490882e-05	4.46287490882e-05	4.46287490882e-05	4.46287490882e-05	-3.40282346639e+38	-3.40282346639e+38	
-3.40282346639e+38	4.46287509457e-05	4.46287509457e-05	4.46287509457e-05	4.46287509457e-05	4.46287509457e-05	4.46287509457e-05	4.46287509457e-05	4.46287509457e-05	-3.40282346639e+38	-3.40282346639e+38	
-3.40282346639e+38	4.462875253e-05	4.462875253e-05	4.462875253e-05	4.462875253e-05	4.462875253e-05	4.462875253e-05	4.462875253e-05	4.462875253e-05	-3.40282346639e+38	-3.40282346639e+38	
-3.40282346639e+38	4.46287538817e-05	4.46287538817e-05	4.46287538817e-05	4.46287538817e-05	4.46287538817e-05	4.46287538817e-05	4.46287538817e-05	4.46287538817e-05	-3.40282346639e+38	-3.40282346639e+38	
-3.40282346639e+38	4.46287550351e-05	4.46287550351e-05	4.46287550351e-05	4.46287550351e-05	4.46287550351e-05	4.46287550351e-05	4.46287550351e-05	4.46287550351e-05	-3.40282346639e+38	-3.40282346639e+38	
-3.40282346639e+38	4.46287560196e-05	4.46287560196e-05	4.46287560196e-05	4.46287560196e-05	4.46287560196e-05	4.46287560196e-05	4.46287560196e-05	4.46287560196e-05	-3.40282346639e+38	-3.40282346639e+38	
-3.40282346639e+38	4.46287568602e-05	4.46287568602e-05	4.46287568602e-05	4.46287568602e-05	4.46287568602e-05	4.46287568602e-05	4.46287568602e-05	4.46287568602e-05	-3.40282346639e+38	-3.40282346639e+38	
-3.40282346639e+38	4.46287575783e-05	4.46287575783e-05	4.46287575783e-05	4.46287575783e-05	4.46287575783e-05	4.46287575783e-05	4.46287575783e-05	4.46287575783e-05	-3.40282346639e+38	-3.40282346639e+38	
-3.40282346639e+38	4.46287581918e-05	4.46287581918e-05	4.46287581918e-05	4.46287581918e-05	4.46287581918e-05	4.46287581918e-05	4.46287581918e-05	4.46287581918e-05	-3.40282346639e+38	-3.40282346639e+38	
-3.40282346639e+38	4.46287587161e-05	4.46287587161e-05	4.46287587161e-05	4.46287587161e-05	4.46287587161e-05	4.46287587161e-05	4.46287587161e-05	4.46287587161e-05	-3.40282346639e+38	-3.40282346639e+38	
-3.40282346639e+38	4.46287591645e-05	4.46287591645e-05	4.46287591645e-05	4.46287591645e-05	4.46287591645e-05	4.46287591645e-05	4.46287591645e-05	4.46287591645e-05	-3.40282346639e+38	-3.40282346639e+38	
-3.40282346639e+38	4.4628759548e-05	4.4628759548e-05	4.4628759548e-05	4.4628759548e-05	4.4628759548e-05	4.4628759548e-05	4.4628759548e-05	4.4628759548e-05	-3.40282346639e+38	-3.40282346639e+38	
-3.40282346639e+38	4.46287598762e-05	4.46287598762e-05	4.46287598762e-05	4.46287598762e-05	4.46287598762e-05	4.46287598762e-05	4.46287598762e-05	4.46287598762e-05	-3.40282346639e+38	-3.40282346639e+38	
-3.40282346639e+38	4.46287601572e-05	4.46287601572e-05	4.46287601572e-05	4.46287601572e-05	4.46287601572e-05	4.46287601572e-05	4.46287601572e-05	4.46287601572e-05	-3.40282346639e+38	-3.40282346639e+38	
-3.40282346639e+38	4.46287603979e-05	4.46287603979e-05	4.46287603979e-05	4.46287603979e-05	4.46287603979e-05	4.46287603979e-05	4.46287603979e-05	4.46287603979e-05	-3.40282346639e+38	-3.40282346639e+38	
-3.40282346639e+38	4.46287606041e-05	4.46287606041e-05	4.46287606041e-05	4.46287606041e-05	4.46287606041e-05	4.46287606041e-05	4.46287606041e-05	4.46287606041e-05	-3.40282346639e+38	-3.40282346639e+38	
-3.40282346639e+38	4.46287607808e-05	4.46287607808e-05	4.46287607808e-05	4.46287607808e-05	4.46287607808e-05	4.46287607808e-05	4.46287607808e-05	4.46287607808e-05	-3.40282346639e+38	-3.40282346639e+38	
-3.40282346639e+38	4.46287609324e-05	4.46287609324e-05	4.46287609324e-05	4.46287609324e-05	4.46287609324e-05	4.46287609324e-05	4.46287609324e-05	4.46287609324e-05	-3.40282346639e+38	-3.40282346639e+38	
-3.40282346639e+38	4.46287610624e-05	4.46287610624e-05	4.46287610624e-05	4.46287610624e-05	4.46287610624e-05	4.46287610624e-05	4.46287610624e-05	4.46287610624e-05	-3.40282346639e+38	-3.40282346639e+38	
-3.40282346639e+38	4.4628761174e-05	4.4628761174e-05	4.4628761174e-05	4.4628761174e-05	4.4628761174e-05	4.4628761174e-05	4.4628761174e-05	4.4628761174e-05	-3.40282346639e+38	-3.40282346639e+38	
-3.40282346639e+38	4.46287612699e-05	4.46287612699e-05	4.46287612699e-05	4.46287612699e-05	4.46287612699e-05	4.46287612699e-05	4.46287612699e-05	4.46287612699e-05	-3.40282346639e+38	-3.40282346639e+38	
-3.40282346639e+38	4.46287613523e-05	4.46287613523e-05	4.46287613523e-05	4.46287613523e-05	4.46287613523e-05	4.46287613523e-05	4.46287613523e-05	4.46287613523e-05	-3.40282346639e+38	-3.40282346639e+38	
-3.40282346639e+38	4.46287614231e-05	4.46287614231e-05	4.46287614231e-05	4.46287614231e-05	4.46287614231e-05	4.46287614231e-05	4.46287614231e-05	4.46287614231e-05	-3.40282346639e+38	-3.40282346639e+38	
-3.40282346639e+38	4.4628761484e-05	4.4628761484e-05	4.4628761484e-05	4.4628761484e-05	4.4628761484e-05	4.4628761484e-05	4.4628761484e-05	4.4628761484e-05	-3.40282346639e+38	-3.40282346639e+38	
-3.40282346639e+38	4.46287615364e-05	4.46287615364e-05	4.46287615364e-05	4.46287615364e-05	4.46287615364e-05	4.46287615364e-05	4.46287615364e-05	4.46287615364e-05	-3.40282346639e+38	-3.40282346639e+38	
-3.40282346639e+38	4.46287615815e-05	4.46287615815e-05	4.46287615815e-05	4.46287615815e-05	4.46287615815e-05	4.46287615815e-05	4.46287615815e-05	4.46287615815e-05	-3.40282346639e+38	-3.40282346639e+38	
-3.40282346639e+38	4.46287616203e-05	4.46287616203e-05	4.46287616203e-05	4.46287616203e-05	4.46287616203e-05	4.46287616203e-05	4.46287616203e-05	4.46287616203e-05	-3.40282346639e+38	-3.40282346639e+38	
-3.40282346639e+38	4.46287616538e-05	4.46287616538e-05	4.46287616538e-05	4.46287616538e-05	4.46287616538e-05	4.46287616538e-05	4.46287616538e-05	4.46287616538e-05	-3.40282346639e+38	-3.40282346639e+38	
-3.40282346639e+38	4.46287616827e-05	4.46287616827e-05	4.46287616827e-05	4.46287616827e-05	4.46287616827e-05	4.46287616827e-05	4.46287616827e-05	4.46287616827e-05	-3.40282346639e+38	-3.40282346639e+38	
-3.40282346639e+38	4.46287617076e-05	4.46287617076e-05	4.46287617076e-05	4.46287617076e-05	4.46287617076e-05	4.46287617076e-05	4.46287617076e-05	4.46287617076e-05	-3.40282346639e+38	-3.40282346639e+38	
-3.40282346639e+38	4.46287617291e-05	4.46287617291e-05	4.46287617291e-05	4.46287617291e-05	4.46287617291e-05	4.46287617291e-05	4.46287617291e-05	4.46287617291e-05	-3.40282346639e+38	-3.40282346639e+38	
-3.40282346639e+38	4.46287617476e-05	4.46287617476e-05	4.46287617476e-05	4.46287617476e-05	4.46287617476e-05	4.46287617476e-05	4.46287617476e-05	4.46287617476e-05	-3.40282346639e+38	-3.40282346639e+38	
-3.40282346639e+38	4.46287617637e-05	4.46287617637e-05	4.46287617637e-05	4.46287617637e-05	4.46287617637e-05	4.46287617637e-05	4.46287617637e-05	4.46287617637e-05	-3.40282346639e+38	-3.40282346639e+38	
-3.40282346639e+38	4.46287617776e-05	4.46287617776e-05	4.46287617776e-05	4.46287617776e-05	4.46287617776e-05	4.46287617776e-05	4.46287617776e-05	4.46287617776e-05	-3.40282346639e+38	-3.40282346639e+38	
-3.40282346639e+38	4.46287617895e-05	4.46287617895e-05	4.46287617895e-05	4.46287617895e-05	4.46287617895e-05	4.46287617895e-05	4.46287617895e-05	4.46287617895e-05	-3.40282346639e+38	-3.40282346639e+38	
-3.40282346639e+38	4.46287617999e-05	4.46287617999e-05	4.46287617999e-05	4.46287617999e-05	4.46287617999e-05	4.46287617999e-05	4.46287617999e-05	4.46287617999e-05	-3.40282346639e+38	-3.40282346639e+38	
-3.40282346639e+38	4.46287618089e-05	4.46287618089e-05	4.46287618089e-05	4.46287618089e-05	4.46287618089e-05	4.46287618089e-05	4.46287618089e-05	4.46287618089e-05	-3.40282346639e+38	-3.40282346639e+38	
-3.40282346639e+38	4.46287618167e-05	4.46287618167e-05	4.46287618167e-05	4.46287618167e-05	4.46287618167e-05	4.46287618167e-05	4.46287618167e-05	4.46287618167e-05	-3.40282346639e+38	-3.40282346639e+38	
-3.40282346639e+38	4.46287618235e-05	4.46287618235e-05	4.46287618235e-05	4.46287618235e-05	4.46287618235e-05	4.46287618235e-05	4.46287618235e-05	4.46287618235e-05	-3.40282346639e+38	-3.40282346639e+38	
-3.40282346639e+38	4.46287618293e-05	4.46287618293e-05	4.46287618293e-05	4.46287618293e-05	4.46287618293e-05	4.46287618293e-05	4.46287618293e-05	4.46287618293e-05	-3.40282346639e+38	-3.40282346639e+38	
-3.40282346639e+38	4.46287618344e-05	4.46287618344e-05	4.46287618344e-05	4.46287618344e-05	4.46287618344e-05	4.46287618344e-05	4.46287618344e-05	4.46287618344e-05	-3.40282346639e+38	-3.40282346639e+38	
-3.40282346639e+38	4.46287618388e-05	4.46287618388e-05	4.46287618388e-05	4.46287618388e-05	4.46287618388e-05	4.46287618388e-05	4.46287618388e-05	4.46287618388e-05	-3.40282346639e+38	-3.40282346639e+38	
-3.40282346639e+38	4.46287618427e-05	4.46287618427e-05	4.46287618427e-05	4.46287618427e-05	4.46287618427e-05	4.46287618427e-05	4.46287618427e-05	4.46287618427e-05	-3.40282346639e+38	-3.40282346639e+38	
-3.40282346639e+38	4.4628761846e-05	4.4628761846e-05	4.4628761846e-05	4.4628761846e-05	4.4628761846e-05	4.4628761846e-05	4.4628761846e-05	4.4628761846e-05	-3.40282346639e+38	-3.40282346639e+38	
-3.40282346639e+38	4.46287618489e-05	4.46287618489e-05	4.46287618489e-05	4.46287618489e-05	4.46287618489e-05	4.46287618489e-05	4.46287618489e-05	4.46287618489e-05	-3.40282346639e+38	-3.40282346639e+38	
-3.40282346639e+38	4.46287618515e-05	4.46287618515e-05	4.46287618515e-05	4.46287618515e-05	4.46287618515e-05	4.46287618515e-05	4.46287618515e-05	4.46287618515e-05	-3.40282346639e+38	-3.40282346639e+38	
-3.40282346639e+38	4.46287618537e-05	4.46287618537e-05	4.46287618537e-05	4.46287618537e-05	4.46287618537e-05	4.46287618537e-05	4.46287618537e-05	4.46287618537e-05	-3.40282346639e+38	-3.40282346639e+38	
-3.40282346639e+38	4.46287618556e-05	4.46287618556e-05	4.46287618556e-05	4.46287618556e-05	4.46287618556e-05	4.46287618556e-05	4.46287618556e-05	4.46287618556e-05	-3.40282346639e+38	-3.40282346639e+38	
-3.40282346639e+38	4.46287618573e-05	4.46287618573e-05	4.46287618573e-05	4.46287618573e-05	4.46287618573e-05	4.46287618573e-05	4.46287618573e-05	4.46287618573e-05	-3.40282346639e+38	-3.40282346639e+38	
-3.40282346639e+38	4.46287618587e-05	4.46287618587e-05	4.46287618587e-05	4.46287618587e-05	4.46287618587e-05	4.46287618587e-05	4.46287618587e-05	4.46287618587e-05	-3.40282346639e+38	-3.40282346639e+38	
-3.40282346639e+38	4.462876186e-05	4.462876186e-05	4.462876186e-05	4.462876186e-05	4.462876186e-05	4.462876186e-05	4.462876186e-05	4.462876186e-05	-3.40282346639e+38	-3.40282346639e+38	
-3.40282346639e+38	4.46287618611e-05	4.46287618611e-05	4.46287618611e-05	4.46287618611e-05	4.46287618611e-05	4.46287618611e-05	4.46287618611e-05	4.46287618611e-05	-3.40282346639e+38	-3.40282346639e+38	
-3.40282346639e+38	4.46287618621e-05	4.46287618621e-05	4.46287618621e-05	4.46287618621e-05	4.46287618621e-05	4.46287618621e-05	4.46287618621e-05	4.46287618621e-05	-3.40282346639e+38	-3.40282346639e+38	
-3.40282346639e+38	4.4628761863e-05	4.4628761863e-05	4.4628761863e-05	4.4628761863e-05	4.4628761863e-05	4.4628761863e-05	4.4628761863e-05	4.4628761863e-05	-3.40282346639e+38	-3.40282346639e+38	
-3.40282346639e+38	4.46287618637e-05	4.46287618637e-05	4.46287618637e-05	4.46287618637e-05	4.46287618637e-05	4.46287618637e-05	4.46287618637e-05	4.46287618637e-05	-3.40282346639e+38	-3.40282346639e+38	
-3.40282346639e+38	4.46287618644e-05	4.46287618644e-05	4.46287618644e-05	4.46287618644e-05	4.46287618644e-05	4.46287618644e-05	4.46287618644e-05	4.46287618644e-05	-3.40282346639e+38	-3.40282346639e+38	
-3.40282346639e+38	4.4628761865e-05	4.4628761865e-05	4.4628761865e-05	4.4628761865e-05	4.4628761865e-05	4.4628761865e-05	4.4628761865e-05	4.4628761865e-05	-3.40282346639e+38	-3.40282346639e+38	
-3.40282346639e+38	4.46287618655e-05	4.46287618655e-05	4.46287618655e-05	4.46287618655e-05	4.46287618655e-05	4.46287618655e-05	4.46287618655e-05	4.46287618655e-05	-3.40282346639e+38	-3.40282346639e+38	
-3.40282346639e+38	4.46287618659e-05	4.46287618659e-05	4.46287618659e-05	4.46287618659e-05	4.46287618659e-05	4.46287618659e-05	4.46287618659e-05	4.46287618659e-05	-3.40282346639e+38	-3.40282346639e+38	
-3.40282346639e+38	4.46287618663e-05	4.46287618663e-05	4.46287618663e-05	4.46287618663e-05	4.46287618663e-05	4.46287618663e-05	4.46287618663e-05	4.46287618663e-05	-3.40282346639e+38	-3.40282346639e+38	
-3.40282346639e+38	4.46287618667e-05	4.46287618667e-05	4.46287618667e-05	4.46287618667e-05	4.46287618667e-05	4.46287618667e-05	4.46287618667e-05	4.46287618667e-05	-3.40282346639e+38	-3.40282346639e+38	
-3.40282346639e+38	4.4628761867e-05	4.4628761867e-05	4.4628761867e-05	4.4628761867e-05	4.4628761867e-05	4.4628761867e-05	4.4628761867e-05	4.4628761867e-05	-3.40282346639e+38	-3.40282346639e+38	
-3.40282346639e+38	4.46287618672e-05	4.46287618672e-05	4.46287618672e-05	4.46287618672e-05	4.46287618672e-05	4.46287618672e-05	4.46287618672e-05	4.46287618672e-05	-3.40282346639e+38	-3.40282346639e+38	
-3.40282346639e+38	4.46287618675e-05	4.46287618675e-05	4.46287618675e-05	4.46287618675e-05	4.46287618675e-05	4.46287618675e-05	4.46287618675e-05	4.46287618675e-05	-3.40282346639e+38	-3.40282346639e+38	
-3.40282346639e+38	4.46287618677e-05	4.46287618677e-05	4.46287618677e-05	4.46287618677e-05	4.46287618677e-05	4.46287618677e-05	4.46287618677e-05	4.46287618677e-05	-3.40282346639e+38	-3.40282346639e+38	
-3.40282346639e+38	4.46287618679e-05	4.46287618679e-05	4.46287618679e-05	4.46287618679e-05	4.46287618679e-05	4.46287618679e-05	4.46287618679e-05	4.46287618679e-05	-3.40282346639e+38	-3.40282346639e+38	
-3.40282346639e+38	4.4628761868e-05	4.4628761868e-05	4.4628761868e-05	4.4628761868e-05	4.4628761868e-05	4.4628761868e-05	4.4628761868e-05	4.4628761868e-05	-3.40282346639e+38	-3.40282346639e+38	
-3.40282346639e+38	4.46287618682e-05	4.46287618682e-05	4.46287618682e-05	4.46287618682e-05	4.46287618682e-05	4.46287618682e-05	4.46287618682e-05	4.46287618682e-05	-3.40282346639e+38	-3.40282346639e+38	
-3.40282346639e+38	4.46287618683e-05	4.46287618683e-05	4.46287618683e-05	4.46287618683e-05	4.46287618683e-05	4.46287618683e-05	4.46287618683e-05	4.46287618683e-05	-3.40282346639e+38	-3.40282346639e+38	
-3.40282346639e+38	4.46287618684e-05	4.46287618684e-05	4.46287618684e-05	4.46287618684e-05	4.46287618684e-05	4.46287618684e-05	4.46287618684e-05	4.46287618684e-05	-3.40282346639e+38	-3.40282346639e+38	
-3.40282346639e+38	4.46287618685e-05	4.46287618685e-05	4.46287618685e-05	4.46287618685e-05	4.46287618685e-05	4.46287618685e-05	4.46287618685e-05	4.46287618685e-05	-3.40282346639e+38	-3.40282346639e+38	
-3.40282346639e+38	4.46287618686e-05	4.46287618686e-05	4.46287618686e-05	4.46287618686e-05	4.46287618686e-05	4.46287618686e-05	4.46287618686e-05	4.46287618686e-05	-3.40282346639e+38	-3.40282346639e+38	
-3.40282346639e+38	4.46287618687e-05	4.46287618687e-05	4.46287618687e-05	4.46287618687e-05	4.46287618687e-05	4.46287618687e-05	4.46287618687e-05	4.46287618687e-05	-3.40282346639e+38	-3.40282346639e+38	
-3.40282346639e+38	4.46287618688e-05	4.46287618688e-05	4.46287618688e-05	4.46287618688e-05	4.46287618688e-05	4.46287618688e-05	4.46287618688e-05	4.46287618688e-05	-3.40282346639e+38	-3.40282346639e+38	
-3.40282346639e+38	4.46287618688e-05	4.46287618688e-05	4.46287618688e-05	4.46287618688e-05	4.46287618688e-05	4.46287618688e-05	4.46287618688e-05	4.46287618688e-05	-3.40282346639e+38	-3.40282346639e+38	
-3.40282346639e+38	4.46287618689e-05	4.46287618689e-05	4.46287618689e-05	4.46287618689e-05	4.46287618689e-05	4.46287618689e-05	4.46287618689e-05	4.46287618689e-05	-3.40282346639e+38	-3.40282346639e+38	
-3.40282346639e+38	4.46287618689e-05	4.46287618689e-05	4.46287618689e-05	4.46287618689e-05	4.46287618689e-05	4.46287618689e-05	4.46287618689e-05	4.46287618689e-05	-3.40282346639e+38	-3.40282346639e+38	
-3.40282346639e+38	4.4628761869e-05	4.4628761869e-05	4.4628761869e-05	4.4628761869e-05	4.4628761869e-05	4.4628761869e-05	4.4628761869e-05	4.4628761869e-05	-3.40282346639e+38	-3.40282346639e+38	
-3.40282346639e+38	4.4628761869e-05	4.4628761869e-05	4.4628761869e-05	4.4628761869e-05	4.4628761869e-05	4.4628761869e-05	4.4628761869e-05	4.4628761869e-05	-3.40282346639e+38	-3.40282346639e+38	
-3.40282346639e+38	4.4628761869e-05	4.4628761869e-05	4.4628761869e-05	4.4628761869e-05	4.4628761869e-05	4.4628761869e-05	4.4628761869e-05	4.4628761869e-05	-3.40282346639e+38	-3.40282346639e+38	
-3.40282346639e+38	4.46287618691e-05	4.46287618691e-05	4.46287618691e-05	4.46287618691e-05	4.46287618691e-05	4.46287618691e-05	4.46287618691e-05	4.46287618691e-05	-3.40282346639e+38	-3.40282346639e+38	
-3.40282346639e+38	-3.40282346639e+38	-3.40282346639e+38	-3.40282346639e+38	-3.40282346639e+38	-3.40282346639e+38	-3.40282346639e+38	-3.40282346639e+38	-3.40282346639e+38	-3.40282346639e+38	-3.40282346639e+38	
