out/0000000032h.asc
ncols 11
nrows 101
xllcorner -0.5
yllcorner -0.5
cellsize 1.0
nodata_value -3.40282346639e+38
-3.40282346639e+38	-3.40282346639e+38	-3.40282346639e+38	-3.40282346639e+38	-3.40282346639e+38	-3.40282346639e+38	-3.40282346639e+38	-3.40282346639e+38	-3.40282346639e+38	-3.40282346639e+38	-3.40282346639e+38	
-3.40282346639e+38	-3.40282346639e+38	-3.40282346639e+38	-3.40282346639e+38	-3.40282346639e+38	-3.40282346639e+38	-3.40282346639e+38	-3.40282346639e+38	-3.40282346639e+38	-3.40282346639e+38	-3.40282346639e+38	
-3.40282346639e+38	0.000324933158904	0.000324933158904	0.000324933158904	0.000324933158904	0.000324933158904	0.000324933158904	0.000324933158904	0.000324933158904	-3.40282346639e+38	-3.40282346639e+38	
-3.40282346639e+38	0.000329516557728	0.000329516557728	0.000329516557728	0.000329516557728	0.000329516557728	0.000329516557728	0.000329516557728	0.000329516557728	-3.40282346639e+38	-3.40282346639e+38	
-3.40282346639e+38	0.000330107069919	0.000330107069919	0.000330107069919	0.000330107069919	0.000330107069919	0.000330107069919	0.000330107069919	0.000330107069919	-3.40282346639e+38	-3.40282346639e+38	
-3.40282346639e+38	0.000330169468133	0.000330169468133	0.000330169468133	0.000330169468133	0.000330169468133	0.000330169468133	0.000330169468133	0.000330169468133	-3.40282346639e+38	-3.40282346639e+38	
-3.40282346639e+38	0.00033017510058	0.00033017510058	0.00033017510058	0.00033017510058	0.00033017510058	0.00033017510058	0.00033017510058	0.00033017510058	-3.40282346639e+38	-3.40282346639e+38	
-3.40282346639e+38	0.000330175559382	0.000330175559382	0.000330175559382	0.000330175559382	0.000330175559382	0.000330175559382	0.000330175559382	0.000330175559382	-3.40282346639e+38	-3.40282346639e+38	
-3.40282346639e+38	0.000330175604139	0.000330175604139	0.000330175604139	0.000330175604139	0.000330175604139	0.000330175604139	0.000330175604139	0.000330175604139	-3.40282346639e+38	-3.40282346639e+38	
-3.40282346639e+38	0.000330175617643	0.000330175617643	0.000330175617643	0.000330175617643	0.000330175617643	0.000330175617643	0.000330175617643	0.000330175617643	-3.40282346639e+38	-3.40282346639e+38	
-3.40282346639e+38	0.00033017562758	0.00033017562758	0.00033017562758	0.00033017562758	0.00033017562758	0.00033017562758	0.00033017562758	0.00033017562758	-3.40282346639e+38	-3.40282346639e+38	
-3.40282346639e+38	0.00033017563597	0.00033017563597	0.00033017563597	0.00033017563597	0.00033017563597	0.00033017563597	0.00033017563597	0.00033017563597	-3.40282346639e+38	-3.40282346639e+38	
-3.40282346639e+38	0.000330175643127	0.000330175643127	0.000330175643127	0.000330175643127	0.000330175643127	0.000330175643127	0.000330175643127	0.000330175643127	-3.40282346639e+38	-3.40282346639e+38	
-3.40282346639e+38	0.000330175649232	0.000330175649232	0.000330175649232	0.000330175649232	0.000330175649232	0.000330175649232	0.000330175649232	0.000330175649232	-3.40282346639e+38	-3.40282346639e+38	
-3.40282346639e+38	0.00033017565444	0.00033017565444	0.00033017565444	0.00033017565444	0.00033017565444	0.00033017565444	0.00033017565444	0.00033017565444	-3.40282346639e+38	-3.40282346639e+38	
-3.40282346639e+38	0.000330175658881	0.000330175658881	0.000330175658881	0.000330175658881	0.000330175658881	0.000330175658881	0.000330175658881	0.000330175658881	-3.40282346639e+38	-3.40282346639e+38	
-3.40282346639e+38	0.000330175662668	0.000330175662668	0.000330175662668	0.000330175662668	0.000330175662668	0.000330175662668	0.000330175662668	0.000330175662668	-3.40282346639e+38	-3.40282346639e+38	
-3.40282346639e+38	0.000330175665897	0.000330175665897	0.000330175665897	0.000330175665897	0.000330175665897	0.000330175665897	0.000330175665897	0.000330175665897	-3.40282346639e+38	-3.40282346639e+38	
-3.40282346639e+38	0.00033017566865	0.00033017566865	0.00033017566865	0.00033017566865	0.00033017566865	0.00033017566865	0.00033017566865	0.00033017566865	-3.40282346639e+38	-3.40282346639e+38	
-3.40282346639e+38	0.000330175670998	0.000330175670998	0.000330175670998	0.000330175670998	0.000330175670998	0.000330175670998	0.000330175670998	0.000330175670998	-3.40282346639e+38	-3.40282346639e+38	
-3.40282346639e+38	0.000330175673001	0.000330175673001	0.000330175673001	0.000330175673001	0.000330175673001	0.000330175673001	0.000330175673001	0.000330175673001	-3.40282346639e+38	-3.40282346639e+38	
-3.40282346639e+38	0.000330175674709	0.000330175674709	0.000330175674709	0.000330175674709	0.000330175674709	0.000330175674709	0.000330175674709	0.000330175674709	-3.40282346639e+38	-3.40282346639e+38	
-3.40282346639e+38	0.000330175676167	0.000330175676167	0.000330175676167	0.000330175676167	0.000330175676167	0.000330175676167	0.000330175676167	0.000330175676167	-3.40282346639e+38	-3.40282346639e+38	
-3.40282346639e+38	0.000330175677411	0.000330175677411	0.000330175677411	0.000330175677411	0.000330175677411	0.000330175677411	0.000330175677411	0.000330175677411	-3.40282346639e+38	-3.40282346639e+38	
-3.40282346639e+38	0.000330175678472	0.000330175678472	0.000330175678472	0.000330175678472	0.000330175678472	0.000330175678472	0.000330175678472	0.000330175678472	-3.40282346639e+38	-3.40282346639e+38	
-3.40282346639e+38	0.000330175679379	0.000330175679379	0.000330175679379	0.000330175679379	0.000330175679379	0.000330175679379	0.000330175679379	0.000330175679379	-3.40282346639e+38	-3.40282346639e+38	
-3.40282346639e+38	0.000330175680154	0.000330175680154	0.000330175680154	0.000330175680154	0.000330175680154	0.000330175680154	0.000330175680154	0.000330175680154	-3.40282346639e+38	-3.40282346639e+38	
-3.40282346639e+38	0.000330175680815	0.000330175680815	0.000330175680815	0.000330175680815	0.000330175680815	0.000330175680815	0.000330175680815	0.000330175680815	-3.40282346639e+38	-3.40282346639e+38	
-3.40282346639e+38	0.000330175681381	0.000330175681381	0.000330175681381	0.000330175681381	0.000330175681381	0.000330175681381	0.000330175681381	0.000330175681381	-3.40282346639e+38	-3.40282346639e+38	
-3.40282346639e+38	0.000330175681865	0.000330175681865	0.000330175681865	0.000330175681865	0.000330175681865	0.000330175681865	0.000330175681865	0.000330175681865	-3.40282346639e+38	-3.40282346639e+38	
-3.40282346639e+38	0.000330175682278	0.000330175682278	0.000330175682278	0.000330175682278	0.000330175682278	0.000330175682278	0.000330175682278	0.000330175682278	-3.40282346639e+38	-3.40282346639e+38	
-3.40282346639e+38	0.000330175682633	0.000330175682633	0.000330175682633	0.000330175682633	0.000330175682633	0.000330175682633	0.000330175682633	0.000330175682633	-3.40282346639e+38	-3.40282346639e+38	
-3.40282346639e+38	0.000330175682936	0.000330175682936	0.000330175682936	0.000330175682936	0.000330175682936	0.000330175682936	0.000330175682936	0.000330175682936	-3.40282346639e+38	-3.40282346639e+38	
-3.40282346639e+38	0.000330175683195	0.000330175683195	0.000330175683195	0.000330175683195	0.000330175683195	0.000330175683195	0.000330175683195	0.000330175683195	-3.40282346639e+38	-3.40282346639e+38	
-3.40282346639e+38	0.000330175683418	0.000330175683418	0.000330175683418	0.000330175683418	0.000330175683418	0.000330175683418	0.000330175683418	0.000330175683418	-3.40282346639e+38	-3.40282346639e+38	
-3.40282346639e+38	0.000330175683608	0.000330175683608	0.000330175683608	0.000330175683608	0.000330175683608	0.000330175683608	0.000330175683608	0.000330175683608	-3.40282346639e+38	-3.40282346639e+38	
-3.40282346639e+38	0.000330175683772	0.000330175683772	0.000330175683772	0.000330175683772	0.000330175683772	0.000330175683772	0.000330175683772	0.000330175683772	-3.40282346639e+38	-3.40282346639e+38	
-3.40282346639e+38	0.000330175683912	0.000330175683912	0.000330175683912	0.000330175683912	0.000330175683912	0.000330175683912	0.000330175683912	0.000330175683912	-3.40282346639e+38	-3.40282346639e+38	
-3.40282346639e+38	0.000330175684033	0.000330175684033	0.000330175684033	0.000330175684033	0.000330175684033	0.000330175684033	0.000330175684033	0.000330175684033	-3.40282346639e+38	-3.40282346639e+38	
-3.40282346639e+38	0.000330175684136	0.000330175684136	0.000330175684136	0.000330175684136	0.000330175684136	0.000330175684136	0.000330175684136	0.000330175684136	-3.40282346639e+38	-3.40282346639e+38	
-3.40282346639e+38	0.000330175684225	0.000330175684225	0.000330175684225	0.000330175684225	0.000330175684225	0.000330175684225	0.000330175684225	0.000330175684225	-3.40282346639e+38	-3.40282346639e+38	
-3.40282346639e+38	0.000330175684301	0.000330175684301	0.000330175684301	0.000330175684301	0.000330175684301	0.000330175684301	0.000330175684301	0.000330175684301	-3.40282346639e+38	-3.40282346639e+38	
-3.40282346639e+38	0.000330175684367	0.000330175684367	0.000330175684367	0.000330175684367	0.000330175684367	0.000330175684367	0.000330175684367	0.000330175684367	-3.40282346639e+38	-3.40282346639e+38	
-3.40282346639e+38	0.000330175684424	0.000330175684424	0.000330175684424	0.000330175684424	0.000330175684424	0.000330175684424	0.000330175684424	0.000330175684424	-3.40282346639e+38	-3.40282346639e+38	
-3.40282346639e+38	0.000330175684472	0.000330175684472	0.000330175684472	0.000330175684472	0.000330175684472	0.000330175684472	0.000330175684472	0.000330175684472	-3.40282346639e+38	-3.40282346639e+38	
-3.40282346639e+38	0.000330175684514	0.000330175684514	0.000330175684514	0.000330175684514	0.000330175684514	0.000330175684514	0.000330175684514	0.000330175684514	-3.40282346639e+38	-3.40282346639e+38	
-3.40282346639e+38	0.00033017568455	0.00033017568455	0.00033017568455	0.00033017568455	0.00033017568455	0.00033017568455	0.00033017568455	0.00033017568455	-3.40282346639e+38	-3.40282346639e+38	
-3.40282346639e+38	0.000330175684581	0.000330175684581	0.000330175684581	0.000330175684581	0.000330175684581	0.000330175684581	0.000330175684581	0.000330175684581	-3.40282346639e+38	-3.40282346639e+38	
-3.40282346639e+38	0.000330175684608	0.000330175684608	0.000330175684608	0.000330175684608	0.000330175684608	0.000330175684608	0.000330175684608	0.000330175684608	-3.40282346639e+38	-3.40282346639e+38	
-3.40282346639e+38	0.000330175684631	0.000330175684631	0.000330175684631	0.000330175684631	0.000330175684631	0.000330175684631	0.000330175684631	0.000330175684631	-3.40282346639e+38	-3.40282346639e+38	
-3.40282346639e+38	0.000330175684652	0.000330175684652	0.000330175684652	0.000330175684652	0.000330175684652	0.000330175684652	0.000330175684652	0.000330175684652	-3.40282346639e+38	-3.40282346639e+38	
-3.40282346639e+38	0.000330175684669	0.000330175684669	0.000330175684669	0.000330175684669	0.000330175684669	0.000330175684669	0.000330175684669	0.000330175684669	-3.40282346639e+38	-3.40282346639e+38	
-3.40282346639e+38	0.000330175684684	0.000330175684684	0.000330175684684	0.000330175684684	0.000330175684684	0.000330175684684	0.000330175684684	0.000330175684684	-3.40282346639e+38	-3.40282346639e+38	
-3.40282346639e+38	0.000330175684697	0.000330175684697	0.000330175684697	0.000330175684697	0.000330175684697	0.000330175684697	0.000330175684697	0.000330175684697	-3.40282346639e+38	-3.40282346639e+38	
-3.40282346639e+38	0.000330175684708	0.000330175684708	0.000330175684708	0.000330175684708	0.000330175684708	0.000330175684708	0.000330175684708	0.000330175684708	-3.40282346639e+38	-3.40282346639e+38	
-3.40282346639e+38	0.000330175684718	0.000330175684718	0.000330175684718	0.000330175684718	0.000330175684718	0.000330175684718	0.000330175684718	0.000330175684718	-3.40282346639e+38	-3.40282346639e+38	
-3.40282346639e+38	0.000330175684726	0.000330175684726	0.000330175684726	0.000330175684726	0.000330175684726	0.000330175684726	0.000330175684726	0.000330175684726	-3.40282346639e+38	-3.40282346639e+38	
-3.40282346639e+38	0.000330175684733	0.000330175684733	0.000330175684733	0.000330175684733	0.000330175684733	0.000330175684733	0.000330175684733	0.000330175684733	-3.40282346639e+38	-3.40282346639e+38	
-3.40282346639e+38	0.00033017568474	0.00033017568474	0.00033017568474	0.00033017568474	0.00033017568474	0.00033017568474	0.00033017568474	0.00033017568474	-3.40282346639e+38	-3.40282346639e+38	
-3.40282346639e+38	0.000330175684745	0.000330175684745	0.000330175684745	0.000330175684745	0.000330175684745	0.000330175684745	0.000330175684745	0.000330175684745	-3.40282346639e+38	-3.40282346639e+38	
-3.40282346639e+38	0.00033017568475	0.00033017568475	0.00033017568475	0.00033017568475	0.00033017568475	0.00033017568475	0.00033017568475	0.00033017568475	-3.40282346639e+38	-3.40282346639e+38	
-3.40282346639e+38	0.000330175684754	0.000330175684754	0.000330175684754	0.000330175684754	0.000330175684754	0.000330175684754	0.000330175684754	0.000330175684754	-3.40282346639e+38	-3.40282346639e+38	
-3.40282346639e+38	0.000330175684758	0.000330175684758	0.000330175684758	0.000330175684758	0.000330175684758	0.000330175684758	0.000330175684758	0.000330175684758	-3.40282346639e+38	-3.40282346639e+38	
-3.40282346639e+38	0.000330175684761	0.000330175684761	0.000330175684761	0.000330175684761	0.000330175684761	0.000330175684761	0.000330175684761	0.000330175684761	-3.40282346639e+38	-3.40282346639e+38	
-3.40282346639e+38	0.000330175684764	0.000330175684764	0.000330175684764	0.000330175684764	0.000330175684764	0.000330175684764	0.000330175684764	0.000330175684764	-3.40282346639e+38	-3.40282346639e+38	
-3.40282346639e+38	0.000330175684766	0.000330175684766	0.000330175684766	0.000330175684766	0.000330175684766	0.000330175684766	0.000330175684766	0.000330175684766	-3.40282346639e+38	-3.40282346639e+38	
-3.40282346639e+38	0.000330175684768	0.000330175684768	0.000330175684768	0.000330175684768	0.000330175684768	0.000330175684768	0.000330175684768	0.000330175684768	-3.40282346639e+38	-3.40282346639e+38	
-3.40282346639e+38	0.00033017568477	0.00033017568477	0.00033017568477	0.00033017568477	0.00033017568477	0.00033017568477	0.00033017568477	0.00033017568477	-3.40282346639e+38	-3.40282346639e+38	
-3.40282346639e+38	0.000330175684771	0.000330175684771	0.000330175684771	0.000330175684771	0.000330175684771	0.000330175684771	0.000330175684771	0.000330175684771	-3.40282346639e+38	-3.40282346639e+38	
-3.40282346639e+38	0.000330175684773	0.000330175684773	0.000330175684773	0.000330175684773	0.000330175684773	0.000330175684773	0.000330175684773	0.000330175684773	-3.40282346639e+38	-3.40282346639e+38	
-3.40282346639e+38	0.000330175684774	0.000330175684774	0.000330175684774	0.000330175684774	0.000330175684774	0.000330175684774	0.000330175684774	0.000330175684774	-3.40282346639e+38	-3.40282346639e+38	
-3.40282346639e+38	0.000330175684775	0.000330175684775	0.000330175684775	0.000330175684775	0.000330175684775	0.000330175684775	0.000330175684775	0.000330175684775	-3.40282346639e+38	-3.40282346639e+38	
-3.40282346639e+38	0.000330175684776	0.000330175684776	0.000330175684776	0.000330175684776	0.000330175684776	0.000330175684776	0.000330175684776	0.000330175684776	-3.40282346639e+38	-3.40282346639e+38	
-3.40282346639e+38	0.000330175684777	0.000330175684777	0.000330175684777	0.000330175684777	0.000330175684777	0.000330175684777	0.000330175684777	0.000330175684777	-3.40282346639e+38	-3.40282346639e+38	
-3.40282346639e+38	0.000330175684777	0.000330175684777	0.000330175684777	0.000330175684777	0.000330175684777	0.000330175684777	0.000330175684777	0.000330175684777	-3.40282346639e+38	-3.40282346639e+38	
-3.40282346639e+38	0.000330175684778	0.000330175684778	0.000330175684778	0.000330175684778	0.000330175684778	0.000330175684778	0.000330175684778	0.000330175684778	-3.40282346639e+38	-3.40282346639e+38	
-3.40282346639e+38	0.000330175684779	0.000330175684779	0.000330175684779	0.000330175684779	0.000330175684779	0.000330175684779	0.000330175684779	0.000330175684779	-3.40282346639e+38	-3.40282346639e+38	
-3.40282346639e+38	0.000330175684779	0.000330175684779	0.000330175684779	0.000330175684779	0.000330175684779	0.000330175684779	0.000330175684779	0.000330175684779	-3.40282346639e+38	-3.40282346639e+38	
-3.40282346639e+38	0.00033017568478	0.00033017568478	0.00033017568478	0.00033017568478	0.00033017568478	0.00033017568478	0.00033017568478	0.00033017568478	-3.40282346639e+38	-3.40282346639e+38	
-3.40282346639e+38	0.00033017568478	0.00033017568478	0.00033017568478	0.00033017568478	0.00033017568478	0.00033017568478	0.00033017568478	0.00033017568478	-3.40282346639e+38	-3.40282346639e+38	
-3.40282346639e+38	0.00033017568478	0.00033017568478	0.00033017568478	0.00033017568478	0.00033017568478	0.00033017568478	0.00033017568478	0.00033017568478	-3.40282346639e+38	-3.40282346639e+38	
-3.40282346639e+38	0.000330175684781	0.000330175684781	0.000330175684781	0.000330175684781	0.000330175684781	0.000330175684781	0.000330175684781	0.000330175684781	-3.40282346639e+38	-3.40282346639e+38	
-3.40282346639e+38	0.000330175684781	0.000330175684781	0.000330175684781	0.000330175684781	0.000330175684781	0.000330175684781	0.000330175684781	0.000330175684781	-3.40282346639e+38	-3.40282346639e+38	
-3.40282346639e+38	0.000330175684781	0.000330175684781	0.000330175684781	0.000330175684781	0.000330175684781	0.000330175684781	0.000330175684781	0.000330175684781	-3.40282346639e+38	-3.40282346639e+38	
-3.40282346639e+38	0.000330175684781	0.000330175684781	0.000330175684781	0.000330175684781	0.000330175684781	0.000330175684781	0.000330175684781	0.000330175684781	-3.40282346639e+38	-3.40282346639e+38	
-3.40282346639e+38	0.000330175684781	0.000330175684781	0.000330175684781	0.000330175684781	0.000330175684781	0.000330175684781	0.000330175684781	0.000330175684781	-3.40282346639e+38	-3.40282346639e+38	
-3.40282346639e+38	0.000330175684782	0.000330175684782	0.000330175684782	0.000330175684782	0.000330175684782	0.000330175684782	0.000330175684782	0.000330175684782	-3.40282346639e+38	-3.40282346639e+38	
-3.40282346639e+38	0.000330175684782	0.000330175684782	0.000330175684782	0.000330175684782	0.000330175684782	0.000330175684782	0.000330175684782	0.000330175684782	-3.40282346639e+38	-3.40282346639e+38	
-3.40282346639e+38	0.000330175684782	0.000330175684782	0.000330175684782	0.000330175684782	0.000330175684782	0.000330175684782	0.000330175684782	0.000330175684782	-3.40282346639e+38	-3.40282346639e+38	
-3.40282346639e+38	0.000330175684782	0.000330175684782	0.000330175684782	0.000330175684782	0.000330175684782	0.000330175684782	0.000330175684782	0.000330175684782	-3.40282346639e+38	-3.40282346639e+38	
-3.40282346639e+38	0.000330175684782	0.000330175684782	0.000330175684782	0.000330175684782	0.000330175684782	0.000330175684782	0.000330175684782	0.000330175684782	-3.40282346639e+38	-3.40282346639e+38	
-3.40282346639e+38	0.000330175684782	0.000330175684782	0.000330175684782	0.000330175684782	0.000330175684782	0.000330175684782	0.000330175684782	0.000330175684782	-3.40282346639e+38	-3.40282346639e+38	
-3.40282346639e+38	0.000330175684782	0.000330175684782	0.000330175684782	0.000330175684782	0.000330175684782	0.000330175684782	0.000330175684782	0.000330175684782	-3.40282346639e+38	-3.40282346639e+38	
-3.40282346639e+38	0.000330175684782	0.000330175684782	0.000330175684782	0.000330175684782	0.000330175684782	0.000330175684782	0.000330175684782	0.000330175684782	-3.40282346639e+38	-3.40282346639e+38	
-3.40282346639e+38	0.000330175684782	0.000330175684782	0.000330175684782	0.000330175684782	0.000330175684782	0.000330175684782	0.000330175684782	0.000330175684782	-3.40282346639e+38	-3.40282346639e+38	
-3.40282346639e+38	0.000330175684782	0.000330175684782	0.000330175684782	0.000330175684782	0.000330175684782	0.000330175684782	0.000330175684782	0.000330175684782	-3.40282346639e+38	-3.40282346639e+38	
-3.40282346639e+38	0.000330175684782	0.000330175684782	0.000330175684782	0.000330175684782	0.000330175684782	0.000330175684782	0.000330175684782	0.000330175684782	-3.40282346639e+38	-3.40282346639e+38	
-3.40282346639e+38	0.000330175684782	0.000330175684782	0.000330175684782	0.000330175684782	0.000330175684782	0.000330175684782	0.000330175684782	0.000330175684782	-3.40282346639e+38	-3.40282346639e+38	
-3.40282346639e+38	0.000330175684782	0.000330175684782	0.000330175684782	0.000330175684782	0.000330175684782	0.000330175684782	0.000330175684782	0.000330175684782	-3.40282346639e+38	-3.40282346639e+38	
-3.40282346639e+38	0.000330175684783	0.000330175684783	0.000330175684783	0.000330175684783	0.000330175684783	0.000330175684783	0.000330175684783	0.000330175684783	-3.40282346639e+38	-3.40282346639e+38	
-3.40282346639e+38	-3.40282346639e+38	-3.40282346639e+38	-3.40282346639e+38	-3.40282346639e+38	-3.40282346639e+38	-3.40282346639e+38	-3.40282346639e+38	-3.40282346639e+38	-3.40282346639e+38	-3.40282346639e+38	
