out/0000000020h.asc
ncols 11
nrows 101
xllcorner -0.5
yllcorner -0.5
cellsize 1.0
nodata_value -3.40282346639e+38
-3.40282346639e+38	-3.40282346639e+38	-3.40282346639e+38	-3.40282346639e+38	-3.40282346639e+38	-3.40282346639e+38	-3.40282346639e+38	-3.40282346639e+38	-3.40282346639e+38	-3.40282346639e+38	-3.40282346639e+38	
-3.40282346639e+38	-3.40282346639e+38	-3.40282346639e+38	-3.40282346639e+38	-3.40282346639e+38	-3.40282346639e+38	-3.40282346639e+38	-3.40282346639e+38	-3.40282346639e+38	-3.40282346639e+38	-3.40282346639e+38	
-3.40282346639e+38	0.000197634754158	0.000197634754158	0.000197634754158	0.000197634754158	0.000197634754158	0.000197634754158	0.000197634754158	0.000197634754158	-3.40282346639e+38	-3.40282346639e+38	
-3.40282346639e+38	0.00019829872457	0.00019829872457	0.00019829872457	0.00019829872457	0.00019829872457	0.00019829872457	0.00019829872457	0.00019829872457	-3.40282346639e+38	-3.40282346639e+38	
-3.40282346639e+38	0.000198338436339	0.000198338436339	0.000198338436339	0.000198338436339	0.000198338436339	0.000198338436339	0.000198338436339	0.000198338436339	-3.40282346639e+38	-3.40282346639e+38	
-3.40282346639e+38	0.000198340412709	0.000198340412709	0.000198340412709	0.000198340412709	0.000198340412709	0.000198340412709	0.000198340412709	0.000198340412709	-3.40282346639e+38	-3.40282346639e+38	
-3.40282346639e+38	0.000198340513175	0.000198340513175	0.000198340513175	0.000198340513175	0.000198340513175	0.000198340513175	0.000198340513175	0.000198340513175	-3.40282346639e+38	-3.40282346639e+38	
-3.40282346639e+38	0.000198340531342	0.000198340531342	0.000198340531342	0.000198340531342	0.000198340531342	0.000198340531342	0.000198340531342	0.000198340531342	-3.40282346639e+38	-3.40282346639e+38	
-3.40282346639e+38	0.00019834054433	0.00019834054433	0.00019834054433	0.00019834054433	0.00019834054433	0.00019834054433	0.00019834054433	0.00019834054433	-3.40282346639e+38	-3.40282346639e+38	
-3.40282346639e+38	0.000198340555347	0.000198340555347	0.000198340555347	0.000198340555347	0.000198340555347	0.000198340555347	0.000198340555347	0.000198340555347	-3.40282346639e+38	-3.40282346639e+38	
-3.40282346639e+38	0.000198340564755	0.000198340564755	0.000198340564755	0.000198340564755	0.000198340564755	0.000198340564755	0.000198340564755	0.000198340564755	-3.40282346639e+38	-3.40282346639e+38	
-3.40282346639e+38	0.000198340572786	0.000198340572786	0.000198340572786	0.000198340572786	0.000198340572786	0.000198340572786	0.000198340572786	0.000198340572786	-3.40282346639e+38	-3.40282346639e+38	
-3.40282346639e+38	0.00019834057964	0.00019834057964	0.00019834057964	0.00019834057964	0.00019834057964	0.00019834057964	0.00019834057964	0.00019834057964	-3.40282346639e+38	-3.40282346639e+38	
-3.40282346639e+38	0.000198340585486	0.000198340585486	0.000198340585486	0.000198340585486	0.000198340585486	0.000198340585486	0.000198340585486	0.000198340585486	-3.40282346639e+38	-3.40282346639e+38	
-3.40282346639e+38	0.000198340590471	0.000198340590471	0.000198340590471	0.000198340590471	0.000198340590471	0.000198340590471	0.000198340590471	0.000198340590471	-3.40282346639e+38	-3.40282346639e+38	
-3.40282346639e+38	0.000198340594722	0.000198340594722	0.000198340594722	0.000198340594722	0.000198340594722	0.000198340594722	0.000198340594722	0.000198340594722	-3.40282346639e+38	-3.40282346639e+38	
-3.40282346639e+38	0.000198340598346	0.000198340598346	0.000198340598346	0.000198340598346	0.000198340598346	0.000198340598346	0.000198340598346	0.000198340598346	-3.40282346639e+38	-3.40282346639e+38	
-3.40282346639e+38	0.000198340601436	0.000198340601436	0.000198340601436	0.000198340601436	0.000198340601436	0.000198340601436	0.000198340601436	0.000198340601436	-3.40282346639e+38	-3.40282346639e+38	
-3.40282346639e+38	0.00019834060407	0.00019834060407	0.00019834060407	0.00019834060407	0.00019834060407	0.00019834060407	0.00019834060407	0.00019834060407	-3.40282346639e+38	-3.40282346639e+38	
-3.40282346639e+38	0.000198340606317	0.000198340606317	0.000198340606317	0.000198340606317	0.000198340606317	0.000198340606317	0.000198340606317	0.000198340606317	-3.40282346639e+38	-3.40282346639e+38	
-3.40282346639e+38	0.000198340608232	0.000198340608232	0.000198340608232	0.000198340608232	0.000198340608232	0.000198340608232	0.000198340608232	0.000198340608232	-3.40282346639e+38	-3.40282346639e+38	
-3.40282346639e+38	0.000198340609866	0.000198340609866	0.000198340609866	0.000198340609866	0.000198340609866	0.000198340609866	0.000198340609866	0.000198340609866	-3.40282346639e+38	-3.40282346639e+38	
-3.40282346639e+38	0.00019834061126	0.00019834061126	0.00019834061126	0.00019834061126	0.00019834061126	0.00019834061126	0.00019834061126	0.00019834061126	-3.40282346639e+38	-3.40282346639e+38	
-3.40282346639e+38	0.00019834061245	0.00019834061245	0.00019834061245	0.00019834061245	0.00019834061245	0.00019834061245	0.00019834061245	0.00019834061245	-3.40282346639e+38	-3.40282346639e+38	
-3.40282346639e+38	0.000198340613466	0.000198340613466	0.000198340613466	0.000198340613466	0.000198340613466	0.000198340613466	0.000198340613466	0.000198340613466	-3.40282346639e+38	-3.40282346639e+38	
-3.40282346639e+38	0.000198340614333	0.000198340614333	0.000198340614333	0.000198340614333	0.000198340614333	0.000198340614333	0.000198340614333	0.000198340614333	-3.40282346639e+38	-3.40282346639e+38	
-3.40282346639e+38	0.000198340615073	0.000198340615073	0.000198340615073	0.000198340615073	0.000198340615073	0.000198340615073	0.000198340615073	0.000198340615073	-3.40282346639e+38	-3.40282346639e+38	
-3.40282346639e+38	0.000198340615706	0.000198340615706	0.000198340615706	0.000198340615706	0.000198340615706	0.000198340615706	0.000198340615706	0.000198340615706	-3.40282346639e+38	-3.40282346639e+38	
-3.40282346639e+38	0.000198340616247	0.000198340616247	0.000198340616247	0.000198340616247	0.000198340616247	0.000198340616247	0.000198340616247	0.000198340616247	-3.40282346639e+38	-3.40282346639e+38	
-3.40282346639e+38	0.00019834061671	0.00019834061671	0.00019834061671	0.00019834061671	0.00019834061671	0.00019834061671	0.00019834061671	0.00019834061671	-3.40282346639e+38	-3.40282346639e+38	
-3.40282346639e+38	0.000198340617105	0.000198340617105	0.000198340617105	0.000198340617105	0.000198340617105	0.000198340617105	0.000198340617105	0.000198340617105	-3.40282346639e+38	-3.40282346639e+38	
-3.40282346639e+38	0.000198340617444	0.000198340617444	0.000198340617444	0.000198340617444	0.000198340617444	0.000198340617444	0.000198340617444	0.000198340617444	-3.40282346639e+38	-3.40282346639e+38	
-3.40282346639e+38	0.000198340617734	0.000198340617734	0.000198340617734	0.000198340617734	0.000198340617734	0.000198340617734	0.000198340617734	0.000198340617734	-3.40282346639e+38	-3.40282346639e+38	
-3.40282346639e+38	0.000198340617982	0.000198340617982	0.000198340617982	0.000198340617982	0.000198340617982	0.000198340617982	0.000198340617982	0.000198340617982	-3.40282346639e+38	-3.40282346639e+38	
-3.40282346639e+38	0.000198340618195	0.000198340618195	0.000198340618195	0.000198340618195	0.000198340618195	0.000198340618195	0.000198340618195	0.000198340618195	-3.40282346639e+38	-3.40282346639e+38	
-3.40282346639e+38	0.000198340618377	0.000198340618377	0.000198340618377	0.000198340618377	0.000198340618377	0.000198340618377	0.000198340618377	0.000198340618377	-3.40282346639e+38	-3.40282346639e+38	
-3.40282346639e+38	0.000198340618533	0.000198340618533	0.000198340618533	0.000198340618533	0.000198340618533	0.000198340618533	0.000198340618533	0.000198340618533	-3.40282346639e+38	-3.40282346639e+38	
-3.40282346639e+38	0.000198340618667	0.000198340618667	0.000198340618667	0.000198340618667	0.000198340618667	0.000198340618667	0.000198340618667	0.000198340618667	-3.40282346639e+38	-3.40282346639e+38	
-3.40282346639e+38	0.000198340618783	0.000198340618783	0.000198340618783	0.000198340618783	0.000198340618783	0.000198340618783	0.000198340618783	0.000198340618783	-3.40282346639e+38	-3.40282346639e+38	
-3.40282346639e+38	0.000198340618882	0.000198340618882	0.000198340618882	0.000198340618882	0.000198340618882	0.000198340618882	0.000198340618882	0.000198340618882	-3.40282346639e+38	-3.40282346639e+38	
-3.40282346639e+38	0.000198340618967	0.000198340618967	0.000198340618967	0.000198340618967	0.000198340618967	0.000198340618967	0.000198340618967	0.000198340618967	-3.40282346639e+38	-3.40282346639e+38	
-3.40282346639e+38	0.00019834061904	0.00019834061904	0.00019834061904	0.00019834061904	0.00019834061904	0.00019834061904	0.00019834061904	0.00019834061904	-3.40282346639e+38	-3.40282346639e+38	
-3.40282346639e+38	0.000198340619102	0.000198340619102	0.000198340619102	0.000198340619102	0.000198340619102	0.000198340619102	0.000198340619102	0.000198340619102	-3.40282346639e+38	-3.40282346639e+38	
-3.40282346639e+38	0.000198340619156	0.000198340619156	0.000198340619156	0.000198340619156	0.000198340619156	0.000198340619156	0.000198340619156	0.000198340619156	-3.40282346639e+38	-3.40282346639e+38	
-3.40282346639e+38	0.000198340619203	0.000198340619203	0.000198340619203	0.000198340619203	0.000198340619203	0.000198340619203	0.000198340619203	0.000198340619203	-3.40282346639e+38	-3.40282346639e+38	
-3.40282346639e+38	0.000198340619243	0.000198340619243	0.000198340619243	0.000198340619243	0.000198340619243	0.000198340619243	0.000198340619243	0.000198340619243	-3.40282346639e+38	-3.40282346639e+38	
-3.40282346639e+38	0.000198340619278	0.000198340619278	0.000198340619278	0.000198340619278	0.000198340619278	0.000198340619278	0.000198340619278	0.000198340619278	-3.40282346639e+38	-3.40282346639e+38	
-3.40282346639e+38	0.000198340619307	0.000198340619307	0.000198340619307	0.000198340619307	0.000198340619307	0.000198340619307	0.000198340619307	0.000198340619307	-3.40282346639e+38	-3.40282346639e+38	
-3.40282346639e+38	0.000198340619333	0.000198340619333	0.000198340619333	0.000198340619333	0.000198340619333	0.000198340619333	0.000198340619333	0.000198340619333	-3.40282346639e+38	-3.40282346639e+38	
-3.40282346639e+38	0.000198340619355	0.000198340619355	0.000198340619355	0.000198340619355	0.000198340619355	0.000198340619355	0.000198340619355	0.000198340619355	-3.40282346639e+38	-3.40282346639e+38	
-3.40282346639e+38	0.000198340619374	0.000198340619374	0.000198340619374	0.000198340619374	0.000198340619374	0.000198340619374	0.000198340619374	0.000198340619374	-3.40282346639e+38	-3.40282346639e+38	
-3.40282346639e+38	0.000198340619391	0.000198340619391	0.000198340619391	0.000198340619391	0.000198340619391	0.000198340619391	0.000198340619391	0.000198340619391	-3.40282346639e+38	-3.40282346639e+38	
-3.40282346639e+38	0.000198340619405	0.000198340619405	0.000198340619405	0.000198340619405	0.000198340619405	0.000198340619405	0.000198340619405	0.000198340619405	-3.40282346639e+38	-3.40282346639e+38	
-3.40282346639e+38	0.000198340619418	0.000198340619418	0.000198340619418	0.000198340619418	0.000198340619418	0.000198340619418	0.000198340619418	0.000198340619418	-3.40282346639e+38	-3.40282346639e+38	
-3.40282346639e+38	0.000198340619428	0.000198340619428	0.000198340619428	0.000198340619428	0.000198340619428	0.000198340619428	0.000198340619428	0.000198340619428	-3.40282346639e+38	-3.40282346639e+38	
-3.40282346639e+38	0.000198340619438	0.000198340619438	0.000198340619438	0.000198340619438	0.000198340619438	0.000198340619438	0.000198340619438	0.000198340619438	-3.40282346639e+38	-3.40282346639e+38	
-3.40282346639e+38	0.000198340619446	0.000198340619446	0.000198340619446	0.000198340619446	0.000198340619446	0.000198340619446	0.000198340619446	0.000198340619446	-3.40282346639e+38	-3.40282346639e+38	
-3.40282346639e+38	0.000198340619453	0.000198340619453	0.000198340619453	0.000198340619453	0.000198340619453	0.000198340619453	0.000198340619453	0.000198340619453	-3.40282346639e+38	-3.40282346639e+38	
-3.40282346639e+38	0.000198340619459	0.000198340619459	0.000198340619459	0.000198340619459	0.000198340619459	0.000198340619459	0.000198340619459	0.000198340619459	-3.40282346639e+38	-3.40282346639e+38	
-3.40282346639e+38	0.000198340619464	0.000198340619464	0.000198340619464	0.000198340619464	0.000198340619464	0.000198340619464	0.000198340619464	0.000198340619464	-3.40282346639e+38	-3.40282346639e+38	
-3.40282346639e+38	0.000198340619468	0.000198340619468	0.000198340619468	0.000198340619468	0.000198340619468	0.000198340619468	0.000198340619468	0.000198340619468	-3.40282346639e+38	-3.40282346639e+38	
-3.40282346639e+38	0.000198340619472	0.000198340619472	0.000198340619472	0.000198340619472	0.000198340619472	0.000198340619472	0.000198340619472	0.000198340619472	-3.40282346639e+38	-3.40282346639e+38	
-3.40282346639e+38	0.000198340619476	0.000198340619476	0.000198340619476	0.000198340619476	0.000198340619476	0.000198340619476	0.000198340619476	0.000198340619476	-3.40282346639e+38	-3.40282346639e+38	
-3.40282346639e+38	0.000198340619479	0.000198340619479	0.000198340619479	0.000198340619479	0.000198340619479	0.000198340619479	0.000198340619479	0.000198340619479	-3.40282346639e+38	-3.40282346639e+38	
-3.40282346639e+38	0.000198340619481	0.000198340619481	0.000198340619481	0.000198340619481	0.000198340619481	0.000198340619481	0.000198340619481	0.000198340619481	-3.40282346639e+38	-3.40282346639e+38	
-3.40282346639e+38	0.000198340619484	0.000198340619484	0.000198340619484	0.000198340619484	0.000198340619484	0.000198340619484	0.000198340619484	0.000198340619484	-3.40282346639e+38	-3.40282346639e+38	
-3.40282346639e+38	0.000198340619486	0.000198340619486	0.000198340619486	0.000198340619486	0.000198340619486	0.000198340619486	0.000198340619486	0.000198340619486	-3.40282346639e+38	-3.40282346639e+38	
-3.40282346639e+38	0.000198340619487	0.000198340619487	0.000198340619487	0.000198340619487	0.000198340619487	0.000198340619487	0.000198340619487	0.000198340619487	-3.40282346639e+38	-3.40282346639e+38	
-3.40282346639e+38	0.000198340619489	0.000198340619489	0.000198340619489	0.000198340619489	0.000198340619489	0.000198340619489	0.000198340619489	0.000198340619489	-3.40282346639e+38	-3.40282346639e+38	
-3.40282346639e+38	0.00019834061949	0.00019834061949	0.00019834061949	0.00019834061949	0.00019834061949	0.00019834061949	0.00019834061949	0.00019834061949	-3.40282346639e+38	-3.40282346639e+38	
-3.40282346639e+38	0.000198340619491	0.000198340619491	0.000198340619491	0.000198340619491	0.000198340619491	0.000198340619491	0.000198340619491	0.000198340619491	-3.40282346639e+38	-3.40282346639e+38	
-3.40282346639e+38	0.000198340619492	0.000198340619492	0.000198340619492	0.000198340619492	0.000198340619492	0.000198340619492	0.000198340619492	0.000198340619492	-3.40282346639e+38	-3.40282346639e+38	
-3.40282346639e+38	0.000198340619493	0.000198340619493	0.000198340619493	0.000198340619493	0.000198340619493	0.000198340619493	0.000198340619493	0.000198340619493	-3.40282346639e+38	-3.40282346639e+38	
-3.40282346639e+38	0.000198340619494	0.000198340619494	0.000198340619494	0.000198340619494	0.000198340619494	0.000198340619494	0.000198340619494	0.000198340619494	-3.40282346639e+38	-3.40282346639e+38	
-3.40282346639e+38	0.000198340619495	0.000198340619495	0.000198340619495	0.000198340619495	0.000198340619495	0.000198340619495	0.000198340619495	0.000198340619495	-3.40282346639e+38	-3.40282346639e+38	
-3.40282346639e+38	0.000198340619495	0.000198340619495	0.000198340619495	0.000198340619495	0.000198340619495	0.000198340619495	0.000198340619495	0.000198340619495	-3.40282346639e+38	-3.40282346639e+38	
-3.40282346639e+38	0.000198340619496	0.000198340619496	0.000198340619496	0.000198340619496	0.000198340619496	0.000198340619496	0.000198340619496	0.000198340619496	-3.40282346639e+38	-3.40282346639e+38	
-3.40282346639e+38	0.000198340619496	0.000198340619496	0.000198340619496	0.000198340619496	0.000198340619496	0.000198340619496	0.000198340619496	0.000198340619496	-3.40282346639e+38	-3.40282346639e+38	
-3.40282346639e+38	0.000198340619497	0.000198340619497	0.000198340619497	0.000198340619497	0.000198340619497	0.000198340619497	0.000198340619497	0.000198340619497	-3.40282346639e+38	-3.40282346639e+38	
-3.40282346639e+38	0.000198340619497	0.000198340619497	0.000198340619497	0.000198340619497	0.000198340619497	0.000198340619497	0.000198340619497	0.000198340619497	-3.40282346639e+38	-3.40282346639e+38	
-3.40282346639e+38	0.000198340619497	0.000198340619497	0.000198340619497	0.000198340619497	0.000198340619497	0.000198340619497	0.000198340619497	0.000198340619497	-3.40282346639e+38	-3.40282346639e+38	
-3.40282346639e+38	0.000198340619498	0.000198340619498	0.000198340619498	0.000198340619498	0.000198340619498	0.000198340619498	0.000198340619498	0.000198340619498	-3.40282346639e+38	-3.40282346639e+38	
-3.40282346639e+38	0.000198340619498	0.000198340619498	0.000198340619498	0.000198340619498	0.000198340619498	0.000198340619498	0.000198340619498	0.000198340619498	-3.40282346639e+38	-3.40282346639e+38	
-3.40282346639e+38	0.000198340619498	0.000198340619498	0.000198340619498	0.000198340619498	0.000198340619498	0.000198340619498	0.000198340619498	0.000198340619498	-3.40282346639e+38	-3.40282346639e+38	
-3.40282346639e+38	0.000198340619498	0.000198340619498	0.000198340619498	0.000198340619498	0.000198340619498	0.000198340619498	0.000198340619498	0.000198340619498	-3.40282346639e+38	-3.40282346639e+38	
-3.40282346639e+38	0.000198340619499	0.000198340619499	0.000198340619499	0.000198340619499	0.000198340619499	0.000198340619499	0.000198340619499	0.000198340619499	-3.40282346639e+38	-3.40282346639e+38	
-3.40282346639e+38	0.000198340619499	0.000198340619499	0.000198340619499	0.000198340619499	0.000198340619499	0.000198340619499	0.000198340619499	0.000198340619499	-3.40282346639e+38	-3.40282346639e+38	
-3.40282346639e+38	0.000198340619499	0.000198340619499	0.000198340619499	0.000198340619499	0.000198340619499	0.000198340619499	0.000198340619499	0.000198340619499	-3.40282346639e+38	-3.40282346639e+38	
-3.40282346639e+38	0.000198340619499	0.000198340619499	0.000198340619499	0.000198340619499	0.000198340619499	0.000198340619499	0.000198340619499	0.000198340619499	-3.40282346639e+38	-3.40282346639e+38	
-3.40282346639e+38	0.000198340619499	0.000198340619499	0.000198340619499	0.000198340619499	0.000198340619499	0.000198340619499	0.000198340619499	0.000198340619499	-3.40282346639e+38	-3.40282346639e+38	
-3.40282346639e+38	0.000198340619499	0.000198340619499	0.000198340619499	0.000198340619499	0.000198340619499	0.000198340619499	0.000198340619499	0.000198340619499	-3.40282346639e+38	-3.40282346639e+38	
-3.40282346639e+38	0.000198340619499	0.000198340619499	0.000198340619499	0.000198340619499	0.000198340619499	0.000198340619499	0.000198340619499	0.000198340619499	-3.40282346639e+38	-3.40282346639e+38	
-3.40282346639e+38	0.000198340619499	0.000198340619499	0.000198340619499	0.000198340619499	0.000198340619499	0.000198340619499	0.000198340619499	0.000198340619499	-3.40282346639e+38	-3.40282346639e+38	
-3.40282346639e+38	0.000198340619499	0.000198340619499	0.000198340619499	0.000198340619499	0.000198340619499	0.000198340619499	0.000198340619499	0.000198340619499	-3.40282346639e+38	-3.40282346639e+38	
-3.40282346639e+38	0.000198340619499	0.000198340619499	0.000198340619499	0.000198340619499	0.000198340619499	0.000198340619499	0.000198340619499	0.000198340619499	-3.40282346639e+38	-3.40282346639e+38	
-3.40282346639e+38	0.000198340619499	0.000198340619499	0.000198340619499	0.000198340619499	0.000198340619499	0.000198340619499	0.000198340619499	0.000198340619499	-3.40282346639e+38	-3.40282346639e+38	
-3.40282346639e+38	0.0001983406195	0.0001983406195	0.0001983406195	0.0001983406195	0.0001983406195	0.0001983406195	0.0001983406195	0.0001983406195	-3.40282346639e+38	-3.40282346639e+38	
-3.40282346639e+38	0.0001983406195	0.0001983406195	0.0001983406195	0.0001983406195	0.0001983406195	0.0001983406195	0.0001983406195	0.0001983406195	-3.40282346639e+38	-3.40282346639e+38	
-3.40282346639e+38	0.0001983406195	0.0001983406195	0.0001983406195	0.0001983406195	0.0001983406195	0.0001983406195	0.0001983406195	0.0001983406195	-3.40282346639e+38	-3.40282346639e+38	
-3.40282346639e+38	0.0001983406195	0.0001983406195	0.0001983406195	0.0001983406195	0.0001983406195	0.0001983406195	0.0001983406195	0.0001983406195	-3.40282346639e+38	-3.40282346639e+38	
-3.40282346639e+38	-3.40282346639e+38	-3.40282346639e+38	-3.40282346639e+38	-3.40282346639e+38	-3.40282346639e+38	-3.40282346639e+38	-3.40282346639e+38	-3.40282346639e+38	-3.40282346639e+38	-3.40282346639e+38	
