out/0000000024h.asc
ncols 11
nrows 101
xllcorner -0.5
yllcorner -0.5
cellsize 1.0
nodata_value -3.40282346639e+38
-3.40282346639e+38	-3.40282346639e+38	-3.40282346639e+38	-3.40282346639e+38	-3.40282346639e+38	-3.40282346639e+38	-3.40282346639e+38	-3.40282346639e+38	-3.40282346639e+38	-3.40282346639e+38	-3.40282346639e+38	
-3.40282346639e+38	-3.40282346639e+38	-3.40282346639e+38	-3.40282346639e+38	-3.40282346639e+38	-3.40282346639e+38	-3.40282346639e+38	-3.40282346639e+38	-3.40282346639e+38	-3.40282346639e+38	-3.40282346639e+38	
-3.40282346639e+38	0.00024025696262	0.00024025696262	0.00024025696262	0.00024025696262	0.00024025696262	0.00024025696262	0.00024025696262	0.00024025696262	-3.40282346639e+38	-3.40282346639e+38	
-3.40282346639e+38	0.000241682761384	0.000241682761384	0.000241682761384	0.000241682761384	0.000241682761384	0.000241682761384	0.000241682761384	0.000241682761384	-3.40282346639e+38	-3.40282346639e+38	
-3.40282346639e+38	0.000241797469013	0.000241797469013	0.000241797469013	0.000241797469013	0.000241797469013	0.000241797469013	0.000241797469013	0.000241797469013	-3.40282346639e+38	-3.40282346639e+38	
-3.40282346639e+38	0.000241805067972	0.000241805067972	0.000241805067972	0.000241805067972	0.000241805067972	0.000241805067972	0.000241805067972	0.000241805067972	-3.40282346639e+38	-3.40282346639e+38	
-3.40282346639e+38	0.000241805514608	0.000241805514608	0.000241805514608	0.000241805514608	0.000241805514608	0.000241805514608	0.000241805514608	0.000241805514608	-3.40282346639e+38	-3.40282346639e+38	
-3.40282346639e+38	0.000241805551244	0.000241805551244	0.000241805551244	0.000241805551244	0.000241805551244	0.000241805551244	0.000241805551244	0.000241805551244	-3.40282346639e+38	-3.40282346639e+38	
-3.40282346639e+38	0.000241805565247	0.000241805565247	0.000241805565247	0.000241805565247	0.000241805565247	0.000241805565247	0.000241805565247	0.000241805565247	-3.40282346639e+38	-3.40282346639e+38	
-3.40282346639e+38	0.000241805576437	0.000241805576437	0.000241805576437	0.000241805576437	0.000241805576437	0.000241805576437	0.000241805576437	0.000241805576437	-3.40282346639e+38	-3.40282346639e+38	
-3.40282346639e+38	0.000241805585964	0.000241805585964	0.000241805585964	0.000241805585964	0.000241805585964	0.000241805585964	0.000241805585964	0.000241805585964	-3.40282346639e+38	-3.40282346639e+38	
-3.40282346639e+38	0.000241805594097	0.000241805594097	0.000241805594097	0.000241805594097	0.000241805594097	0.000241805594097	0.000241805594097	0.000241805594097	-3.40282346639e+38	-3.40282346639e+38	
-3.40282346639e+38	0.000241805601038	0.000241805601038	0.000241805601038	0.000241805601038	0.000241805601038	0.000241805601038	0.000241805601038	0.000241805601038	-3.40282346639e+38	-3.40282346639e+38	
-3.40282346639e+38	0.000241805606959	0.000241805606959	0.000241805606959	0.000241805606959	0.000241805606959	0.000241805606959	0.000241805606959	0.000241805606959	-3.40282346639e+38	-3.40282346639e+38	
-3.40282346639e+38	0.000241805612008	0.000241805612008	0.000241805612008	0.000241805612008	0.000241805612008	0.000241805612008	0.000241805612008	0.000241805612008	-3.40282346639e+38	-3.40282346639e+38	
-3.40282346639e+38	0.000241805616314	0.000241805616314	0.000241805616314	0.000241805616314	0.000241805616314	0.000241805616314	0.000241805616314	0.000241805616314	-3.40282346639e+38	-3.40282346639e+38	
-3.40282346639e+38	0.000241805619985	0.000241805619985	0.000241805619985	0.000241805619985	0.000241805619985	0.000241805619985	0.000241805619985	0.000241805619985	-3.40282346639e+38	-3.40282346639e+38	
-3.40282346639e+38	0.000241805623115	0.000241805623115	0.000241805623115	0.000241805623115	0.000241805623115	0.000241805623115	0.000241805623115	0.000241805623115	-3.40282346639e+38	-3.40282346639e+38	
-3.40282346639e+38	0.000241805625783	0.000241805625783	0.000241805625783	0.000241805625783	0.000241805625783	0.000241805625783	0.000241805625783	0.000241805625783	-3.40282346639e+38	-3.40282346639e+38	
-3.40282346639e+38	0.000241805628059	0.000241805628059	0.000241805628059	0.000241805628059	0.000241805628059	0.000241805628059	0.000241805628059	0.000241805628059	-3.40282346639e+38	-3.40282346639e+38	
-3.40282346639e+38	0.000241805629999	0.000241805629999	0.000241805629999	0.000241805629999	0.000241805629999	0.000241805629999	0.000241805629999	0.000241805629999	-3.40282346639e+38	-3.40282346639e+38	
-3.40282346639e+38	0.000241805631655	0.000241805631655	0.000241805631655	0.000241805631655	0.000241805631655	0.000241805631655	0.000241805631655	0.000241805631655	-3.40282346639e+38	-3.40282346639e+38	
-3.40282346639e+38	0.000241805633067	0.000241805633067	0.000241805633067	0.000241805633067	0.000241805633067	0.000241805633067	0.000241805633067	0.000241805633067	-3.40282346639e+38	-3.40282346639e+38	
-3.40282346639e+38	0.000241805634272	0.000241805634272	0.000241805634272	0.000241805634272	0.000241805634272	0.000241805634272	0.000241805634272	0.000241805634272	-3.40282346639e+38	-3.40282346639e+38	
-3.40282346639e+38	0.000241805635301	0.000241805635301	0.000241805635301	0.000241805635301	0.000241805635301	0.000241805635301	0.000241805635301	0.000241805635301	-3.40282346639e+38	-3.40282346639e+38	
-3.40282346639e+38	0.00024180563618	0.00024180563618	0.00024180563618	0.00024180563618	0.00024180563618	0.00024180563618	0.00024180563618	0.00024180563618	-3.40282346639e+38	-3.40282346639e+38	
-3.40282346639e+38	0.00024180563693	0.00024180563693	0.00024180563693	0.00024180563693	0.00024180563693	0.00024180563693	0.00024180563693	0.00024180563693	-3.40282346639e+38	-3.40282346639e+38	
-3.40282346639e+38	0.000241805637571	0.000241805637571	0.000241805637571	0.000241805637571	0.000241805637571	0.000241805637571	0.000241805637571	0.000241805637571	-3.40282346639e+38	-3.40282346639e+38	
-3.40282346639e+38	0.000241805638119	0.000241805638119	0.000241805638119	0.000241805638119	0.000241805638119	0.000241805638119	0.000241805638119	0.000241805638119	-3.40282346639e+38	-3.40282346639e+38	
-3.40282346639e+38	0.000241805638588	0.000241805638588	0.000241805638588	0.000241805638588	0.000241805638588	0.000241805638588	0.000241805638588	0.000241805638588	-3.40282346639e+38	-3.40282346639e+38	
-3.40282346639e+38	0.000241805638989	0.000241805638989	0.000241805638989	0.000241805638989	0.000241805638989	0.000241805638989	0.000241805638989	0.000241805638989	-3.40282346639e+38	-3.40282346639e+38	
-3.40282346639e+38	0.000241805639332	0.000241805639332	0.000241805639332	0.000241805639332	0.000241805639332	0.000241805639332	0.000241805639332	0.000241805639332	-3.40282346639e+38	-3.40282346639e+38	
-3.40282346639e+38	0.000241805639625	0.000241805639625	0.000241805639625	0.000241805639625	0.000241805639625	0.000241805639625	0.000241805639625	0.000241805639625	-3.40282346639e+38	-3.40282346639e+38	
-3.40282346639e+38	0.000241805639877	0.000241805639877	0.000241805639877	0.000241805639877	0.000241805639877	0.000241805639877	0.000241805639877	0.000241805639877	-3.40282346639e+38	-3.40282346639e+38	
-3.40282346639e+38	0.000241805640092	0.000241805640092	0.000241805640092	0.000241805640092	0.000241805640092	0.000241805640092	0.000241805640092	0.000241805640092	-3.40282346639e+38	-3.40282346639e+38	
-3.40282346639e+38	0.000241805640277	0.000241805640277	0.000241805640277	0.000241805640277	0.000241805640277	0.000241805640277	0.000241805640277	0.000241805640277	-3.40282346639e+38	-3.40282346639e+38	
-3.40282346639e+38	0.000241805640436	0.000241805640436	0.000241805640436	0.000241805640436	0.000241805640436	0.000241805640436	0.000241805640436	0.000241805640436	-3.40282346639e+38	-3.40282346639e+38	
-3.40282346639e+38	0.000241805640572	0.000241805640572	0.000241805640572	0.000241805640572	0.000241805640572	0.000241805640572	0.000241805640572	0.000241805640572	-3.40282346639e+38	-3.40282346639e+38	
-3.40282346639e+38	0.000241805640688	0.000241805640688	0.000241805640688	0.000241805640688	0.000241805640688	0.000241805640688	0.000241805640688	0.000241805640688	-3.40282346639e+38	-3.40282346639e+38	
-3.40282346639e+38	0.000241805640788	0.000241805640788	0.000241805640788	0.000241805640788	0.000241805640788	0.000241805640788	0.000241805640788	0.000241805640788	-3.40282346639e+38	-3.40282346639e+38	
-3.40282346639e+38	0.000241805640875	0.000241805640875	0.000241805640875	0.000241805640875	0.000241805640875	0.000241805640875	0.000241805640875	0.000241805640875	-3.40282346639e+38	-3.40282346639e+38	
-3.40282346639e+38	0.000241805640949	0.000241805640949	0.000241805640949	0.000241805640949	0.000241805640949	0.000241805640949	0.000241805640949	0.000241805640949	-3.40282346639e+38	-3.40282346639e+38	
-3.40282346639e+38	0.000241805641012	0.000241805641012	0.000241805641012	0.000241805641012	0.000241805641012	0.000241805641012	0.000241805641012	0.000241805641012	-3.40282346639e+38	-3.40282346639e+38	
-3.40282346639e+38	0.000241805641067	0.000241805641067	0.000241805641067	0.000241805641067	0.000241805641067	0.000241805641067	0.000241805641067	0.000241805641067	-3.40282346639e+38	-3.40282346639e+38	
-3.40282346639e+38	0.000241805641114	0.000241805641114	0.000241805641114	0.000241805641114	0.000241805641114	0.000241805641114	0.000241805641114	0.000241805641114	-3.40282346639e+38	-3.40282346639e+38	
-3.40282346639e+38	0.000241805641155	0.000241805641155	0.000241805641155	0.000241805641155	0.000241805641155	0.000241805641155	0.000241805641155	0.000241805641155	-3.40282346639e+38	-3.40282346639e+38	
-3.40282346639e+38	0.00024180564119	0.00024180564119	0.00024180564119	0.00024180564119	0.00024180564119	0.00024180564119	0.00024180564119	0.00024180564119	-3.40282346639e+38	-3.40282346639e+38	
-3.40282346639e+38	0.00024180564122	0.00024180564122	0.00024180564122	0.00024180564122	0.00024180564122	0.00024180564122	0.00024180564122	0.00024180564122	-3.40282346639e+38	-3.40282346639e+38	
-3.40282346639e+38	0.000241805641246	0.000241805641246	0.000241805641246	0.000241805641246	0.000241805641246	0.000241805641246	0.000241805641246	0.000241805641246	-3.40282346639e+38	-3.40282346639e+38	
-3.40282346639e+38	0.000241805641268	0.000241805641268	0.000241805641268	0.000241805641268	0.000241805641268	0.000241805641268	0.000241805641268	0.000241805641268	-3.40282346639e+38	-3.40282346639e+38	
-3.40282346639e+38	0.000241805641288	0.000241805641288	0.000241805641288	0.000241805641288	0.000241805641288	0.000241805641288	0.000241805641288	0.000241805641288	-3.40282346639e+38	-3.40282346639e+38	
-3.40282346639e+38	0.000241805641305	0.000241805641305	0.000241805641305	0.000241805641305	0.000241805641305	0.000241805641305	0.000241805641305	0.000241805641305	-3.40282346639e+38	-3.40282346639e+38	
-3.40282346639e+38	0.000241805641319	0.000241805641319	0.000241805641319	0.000241805641319	0.000241805641319	0.000241805641319	0.000241805641319	0.000241805641319	-3.40282346639e+38	-3.40282346639e+38	
-3.40282346639e+38	0.000241805641332	0.000241805641332	0.000241805641332	0.000241805641332	0.000241805641332	0.000241805641332	0.000241805641332	0.000241805641332	-3.40282346639e+38	-3.40282346639e+38	
-3.40282346639e+38	0.000241805641342	0.000241805641342	0.000241805641342	0.000241805641342	0.000241805641342	0.000241805641342	0.000241805641342	0.000241805641342	-3.40282346639e+38	-3.40282346639e+38	
-3.40282346639e+38	0.000241805641352	0.000241805641352	0.000241805641352	0.000241805641352	0.000241805641352	0.000241805641352	0.000241805641352	0.000241805641352	-3.40282346639e+38	-3.40282346639e+38	
-3.40282346639e+38	0.00024180564136	0.00024180564136	0.00024180564136	0.00024180564136	0.00024180564136	0.00024180564136	0.00024180564136	0.00024180564136	-3.40282346639e+38	-3.40282346639e+38	
-3.40282346639e+38	0.000241805641367	0.000241805641367	0.000241805641367	0.000241805641367	0.000241805641367	0.000241805641367	0.000241805641367	0.000241805641367	-3.40282346639e+38	-3.40282346639e+38	
-3.40282346639e+38	0.000241805641373	0.000241805641373	0.000241805641373	0.000241805641373	0.000241805641373	0.000241805641373	0.000241805641373	0.000241805641373	-3.40282346639e+38	-3.40282346639e+38	
-3.40282346639e+38	0.000241805641379	0.000241805641379	0.000241805641379	0.000241805641379	0.000241805641379	0.000241805641379	0.000241805641379	0.000241805641379	-3.40282346639e+38	-3.40282346639e+38	
-3.40282346639e+38	0.000241805641383	0.000241805641383	0.000241805641383	0.000241805641383	0.000241805641383	0.000241805641383	0.000241805641383	0.000241805641383	-3.40282346639e+38	-3.40282346639e+38	
-3.40282346639e+38	0.000241805641387	0.000241805641387	0.000241805641387	0.000241805641387	0.000241805641387	0.000241805641387	0.000241805641387	0.000241805641387	-3.40282346639e+38	-3.40282346639e+38	
-3.40282346639e+38	0.000241805641391	0.000241805641391	0.000241805641391	0.000241805641391	0.000241805641391	0.000241805641391	0.000241805641391	0.000241805641391	-3.40282346639e+38	-3.40282346639e+38	
-3.40282346639e+38	0.000241805641394	0.000241805641394	0.000241805641394	0.000241805641394	0.000241805641394	0.000241805641394	0.000241805641394	0.000241805641394	-3.40282346639e+38	-3.40282346639e+38	
-3.40282346639e+38	0.000241805641396	0.000241805641396	0.000241805641396	0.000241805641396	0.000241805641396	0.000241805641396	0.000241805641396	0.000241805641396	-3.40282346639e+38	-3.40282346639e+38	
-3.40282346639e+38	0.000241805641399	0.000241805641399	0.000241805641399	0.000241805641399	0.000241805641399	0.000241805641399	0.000241805641399	0.000241805641399	-3.40282346639e+38	-3.40282346639e+38	
-3.40282346639e+38	0.000241805641401	0.000241805641401	0.000241805641401	0.000241805641401	0.000241805641401	0.000241805641401	0.000241805641401	0.000241805641401	-3.40282346639e+38	-3.40282346639e+38	
-3.40282346639e+38	0.000241805641402	0.000241805641402	0.000241805641402	0.000241805641402	0.000241805641402	0.000241805641402	0.000241805641402	0.000241805641402	-3.40282346639e+38	-3.40282346639e+38	
-3.40282346639e+38	0.000241805641404	0.000241805641404	0.000241805641404	0.000241805641404	0.000241805641404	0.000241805641404	0.000241805641404	0.000241805641404	-3.40282346639e+38	-3.40282346639e+38	
-3.40282346639e+38	0.000241805641405	0.000241805641405	0.000241805641405	0.000241805641405	0.000241805641405	0.000241805641405	0.000241805641405	0.000241805641405	-3.40282346639e+38	-3.40282346639e+38	
-3.40282346639e+38	0.000241805641406	0.000241805641406	0.000241805641406	0.000241805641406	0.000241805641406	0.000241805641406	0.000241805641406	0.000241805641406	-3.40282346639e+38	-3.40282346639e+38	
-3.40282346639e+38	0.000241805641407	0.000241805641407	0.000241805641407	0.000241805641407	0.000241805641407	0.000241805641407	0.000241805641407	0.000241805641407	-3.40282346639e+38	-3.40282346639e+38	
-3.40282346639e+38	0.000241805641408	0.000241805641408	0.000241805641408	0.000241805641408	0.000241805641408	0.000241805641408	0.000241805641408	0.000241805641408	-3.40282346639e+38	-3.40282346639e+38	
-3.40282346639e+38	0.000241805641409	0.000241805641409	0.000241805641409	0.000241805641409	0.000241805641409	0.000241805641409	0.000241805641409	0.000241805641409	-3.40282346639e+38	-3.40282346639e+38	
-3.40282346639e+38	0.00024180564141	0.00024180564141	0.00024180564141	0.00024180564141	0.00024180564141	0.00024180564141	0.00024180564141	0.00024180564141	-3.40282346639e+38	-3.40282346639e+38	
-3.40282346639e+38	0.00024180564141	0.00024180564141	0.00024180564141	0.00024180564141	0.00024180564141	0.00024180564141	0.00024180564141	0.00024180564141	-3.40282346639e+38	-3.40282346639e+38	
-3.40282346639e+38	0.000241805641411	0.000241805641411	0.000241805641411	0.000241805641411	0.000241805641411	0.000241805641411	0.000241805641411	0.000241805641411	-3.40282346639e+38	-3.40282346639e+38	
-3.40282346639e+38	0.000241805641411	0.000241805641411	0.000241805641411	0.000241805641411	0.000241805641411	0.000241805641411	0.000241805641411	0.000241805641411	-3.40282346639e+38	-3.40282346639e+38	
-3.40282346639e+38	0.000241805641412	0.000241805641412	0.000241805641412	0.000241805641412	0.000241805641412	0.000241805641412	0.000241805641412	0.000241805641412	-3.40282346639e+38	-3.40282346639e+38	
-3.40282346639e+38	0.000241805641412	0.000241805641412	0.000241805641412	0.000241805641412	0.000241805641412	0.000241805641412	0.000241805641412	0.000241805641412	-3.40282346639e+38	-3.40282346639e+38	
-3.40282346639e+38	0.000241805641413	0.000241805641413	0.000241805641413	0.000241805641413	0.000241805641413	0.000241805641413	0.000241805641413	0.000241805641413	-3.40282346639e+38	-3.40282346639e+38	
-3.40282346639e+38	0.000241805641413	0.000241805641413	0.000241805641413	0.000241805641413	0.000241805641413	0.000241805641413	0.000241805641413	0.000241805641413	-3.40282346639e+38	-3.40282346639e+38	
-3.40282346639e+38	0.000241805641413	0.000241805641413	0.000241805641413	0.000241805641413	0.000241805641413	0.000241805641413	0.000241805641413	0.000241805641413	-3.40282346639e+38	-3.40282346639e+38	
-3.40282346639e+38	0.000241805641413	0.000241805641413	0.000241805641413	0.000241805641413	0.000241805641413	0.000241805641413	0.000241805641413	0.000241805641413	-3.40282346639e+38	-3.40282346639e+38	
-3.40282346639e+38	0.000241805641413	0.000241805641413	0.000241805641413	0.000241805641413	0.000241805641413	0.000241805641413	0.000241805641413	0.000241805641413	-3.40282346639e+38	-3.40282346639e+38	
-3.40282346639e+38	0.000241805641414	0.000241805641414	0.000241805641414	0.000241805641414	0.000241805641414	0.000241805641414	0.000241805641414	0.000241805641414	-3.40282346639e+38	-3.40282346639e+38	
-3.40282346639e+38	0.000241805641414	0.000241805641414	0.000241805641414	0.000241805641414	0.000241805641414	0.000241805641414	0.000241805641414	0.000241805641414	-3.40282346639e+38	-3.40282346639e+38	
-3.40282346639e+38	0.000241805641414	0.000241805641414	0.000241805641414	0.000241805641414	0.000241805641414	0.000241805641414	0.000241805641414	0.000241805641414	-3.40282346639e+38	-3.40282346639e+38	
-3.40282346639e+38	0.000241805641414	0.000241805641414	0.000241805641414	0.000241805641414	0.000241805641414	0.000241805641414	0.000241805641414	0.000241805641414	-3.40282346639e+38	-3.40282346639e+38	
-3.40282346639e+38	0.000241805641414	0.000241805641414	0.000241805641414	0.000241805641414	0.000241805641414	0.000241805641414	0.000241805641414	0.000241805641414	-3.40282346639e+38	-3.40282346639e+38	
-3.40282346639e+38	0.000241805641414	0.000241805641414	0.000241805641414	0.000241805641414	0.000241805641414	0.000241805641414	0.000241805641414	0.000241805641414	-3.40282346639e+38	-3.40282346639e+38	
-3.40282346639e+38	0.000241805641414	0.000241805641414	0.000241805641414	0.000241805641414	0.000241805641414	0.000241805641414	0.000241805641414	0.000241805641414	-3.40282346639e+38	-3.40282346639e+38	
-3.40282346639e+38	0.000241805641414	0.000241805641414	0.000241805641414	0.000241805641414	0.000241805641414	0.000241805641414	0.000241805641414	0.000241805641414	-3.40282346639e+38	-3.40282346639e+38	
-3.40282346639e+38	0.000241805641414	0.000241805641414	0.000241805641414	0.000241805641414	0.000241805641414	0.000241805641414	0.000241805641414	0.000241805641414	-3.40282346639e+38	-3.40282346639e+38	
-3.40282346639e+38	0.000241805641415	0.000241805641415	0.000241805641415	0.000241805641415	0.000241805641415	0.000241805641415	0.000241805641415	0.000241805641415	-3.40282346639e+38	-3.40282346639e+38	
-3.40282346639e+38	0.000241805641415	0.000241805641415	0.000241805641415	0.000241805641415	0.000241805641415	0.000241805641415	0.000241805641415	0.000241805641415	-3.40282346639e+38	-3.40282346639e+38	
-3.40282346639e+38	0.000241805641415	0.000241805641415	0.000241805641415	0.000241805641415	0.000241805641415	0.000241805641415	0.000241805641415	0.000241805641415	-3.40282346639e+38	-3.40282346639e+38	
-3.40282346639e+38	0.000241805641415	0.000241805641415	0.000241805641415	0.000241805641415	0.000241805641415	0.000241805641415	0.000241805641415	0.000241805641415	-3.40282346639e+38	-3.40282346639e+38	
-3.40282346639e+38	0.000241805641415	0.000241805641415	0.000241805641415	0.000241805641415	0.000241805641415	0.000241805641415	0.000241805641415	0.000241805641415	-3.40282346639e+38	-3.40282346639e+38	
-3.40282346639e+38	0.000241805641415	0.000241805641415	0.000241805641415	0.000241805641415	0.000241805641415	0.000241805641415	0.000241805641415	0.000241805641415	-3.40282346639e+38	-3.40282346639e+38	
-3.40282346639e+38	-3.40282346639e+38	-3.40282346639e+38	-3.40282346639e+38	-3.40282346639e+38	-3.40282346639e+38	-3.40282346639e+38	-3.40282346639e+38	-3.40282346639e+38	-3.40282346639e+38	-3.40282346639e+38	
