out/0000000047h.asc
ncols 11
nrows 101
xllcorner -0.5
yllcorner -0.5
cellsize 1.0
nodata_value -3.40282346639e+38
-3.40282346639e+38	-3.40282346639e+38	-3.40282346639e+38	-3.40282346639e+38	-3.40282346639e+38	-3.40282346639e+38	-3.40282346639e+38	-3.40282346639e+38	-3.40282346639e+38	-3.40282346639e+38	-3.40282346639e+38	
-3.40282346639e+38	-3.40282346639e+38	-3.40282346639e+38	-3.40282346639e+38	-3.40282346639e+38	-3.40282346639e+38	-3.40282346639e+38	-3.40282346639e+38	-3.40282346639e+38	-3.40282346639e+38	-3.40282346639e+38	
-3.40282346639e+38	0.000474532539526	0.000474532539526	0.000474532539526	0.000474532539526	0.000474532539526	0.000474532539526	0.000474532539526	0.000474532539526	-3.40282346639e+38	-3.40282346639e+38	
-3.40282346639e+38	0.000493585846299	0.000493585846299	0.000493585846299	0.000493585846299	0.000493585846299	0.000493585846299	0.000493585846299	0.000493585846299	-3.40282346639e+38	-3.40282346639e+38	
-3.40282346639e+38	0.000498148104377	0.000498148104377	0.000498148104377	0.000498148104377	0.000498148104377	0.000498148104377	0.000498148104377	0.000498148104377	-3.40282346639e+38	-3.40282346639e+38	
-3.40282346639e+38	0.000499054381827	0.000499054381827	0.000499054381827	0.000499054381827	0.000499054381827	0.000499054381827	0.000499054381827	0.000499054381827	-3.40282346639e+38	-3.40282346639e+38	
-3.40282346639e+38	0.000499207789408	0.000499207789408	0.000499207789408	0.000499207789408	0.000499207789408	0.000499207789408	0.000499207789408	0.000499207789408	-3.40282346639e+38	-3.40282346639e+38	
-3.40282346639e+38	0.000499230501938	0.000499230501938	0.000499230501938	0.000499230501938	0.000499230501938	0.000499230501938	0.000499230501938	0.000499230501938	-3.40282346639e+38	-3.40282346639e+38	
-3.40282346639e+38	0.000499233513163	0.000499233513163	0.000499233513163	0.000499233513163	0.000499233513163	0.000499233513163	0.000499233513163	0.000499233513163	-3.40282346639e+38	-3.40282346639e+38	
-3.40282346639e+38	0.000499233884352	0.000499233884352	0.000499233884352	0.000499233884352	0.000499233884352	0.000499233884352	0.000499233884352	0.000499233884352	-3.40282346639e+38	-3.40282346639e+38	
-3.40282346639e+38	0.000499233934379	0.000499233934379	0.000499233934379	0.000499233934379	0.000499233934379	0.000499233934379	0.000499233934379	0.000499233934379	-3.40282346639e+38	-3.40282346639e+38	
-3.40282346639e+38	0.000499233947438	0.000499233947438	0.000499233947438	0.000499233947438	0.000499233947438	0.000499233947438	0.000499233947438	0.000499233947438	-3.40282346639e+38	-3.40282346639e+38	
-3.40282346639e+38	0.000499233955536	0.000499233955536	0.000499233955536	0.000499233955536	0.000499233955536	0.000499233955536	0.000499233955536	0.000499233955536	-3.40282346639e+38	-3.40282346639e+38	
-3.40282346639e+38	0.000499233962156	0.000499233962156	0.000499233962156	0.000499233962156	0.000499233962156	0.000499233962156	0.000499233962156	0.000499233962156	-3.40282346639e+38	-3.40282346639e+38	
-3.40282346639e+38	0.000499233967778	0.000499233967778	0.000499233967778	0.000499233967778	0.000499233967778	0.000499233967778	0.000499233967778	0.000499233967778	-3.40282346639e+38	-3.40282346639e+38	
-3.40282346639e+38	0.000499233972571	0.000499233972571	0.000499233972571	0.000499233972571	0.000499233972571	0.000499233972571	0.000499233972571	0.000499233972571	-3.40282346639e+38	-3.40282346639e+38	
-3.40282346639e+38	0.00049923397666	0.00049923397666	0.00049923397666	0.00049923397666	0.00049923397666	0.00049923397666	0.00049923397666	0.00049923397666	-3.40282346639e+38	-3.40282346639e+38	
-3.40282346639e+38	0.000499233980146	0.000499233980146	0.000499233980146	0.000499233980146	0.000499233980146	0.000499233980146	0.000499233980146	0.000499233980146	-3.40282346639e+38	-3.40282346639e+38	
-3.40282346639e+38	0.00049923398312	0.00049923398312	0.00049923398312	0.00049923398312	0.00049923398312	0.00049923398312	0.00049923398312	0.00049923398312	-3.40282346639e+38	-3.40282346639e+38	
-3.40282346639e+38	0.000499233985657	0.000499233985657	0.000499233985657	0.000499233985657	0.000499233985657	0.000499233985657	0.000499233985657	0.000499233985657	-3.40282346639e+38	-3.40282346639e+38	
-3.40282346639e+38	0.00049923398782	0.00049923398782	0.00049923398782	0.00049923398782	0.00049923398782	0.00049923398782	0.00049923398782	0.00049923398782	-3.40282346639e+38	-3.40282346639e+38	
-3.40282346639e+38	0.000499233989666	0.000499233989666	0.000499233989666	0.000499233989666	0.000499233989666	0.000499233989666	0.000499233989666	0.000499233989666	-3.40282346639e+38	-3.40282346639e+38	
-3.40282346639e+38	0.000499233991241	0.000499233991241	0.000499233991241	0.000499233991241	0.000499233991241	0.000499233991241	0.000499233991241	0.000499233991241	-3.40282346639e+38	-3.40282346639e+38	
-3.40282346639e+38	0.000499233992585	0.000499233992585	0.000499233992585	0.000499233992585	0.000499233992585	0.000499233992585	0.000499233992585	0.000499233992585	-3.40282346639e+38	-3.40282346639e+38	
-3.40282346639e+38	0.000499233993733	0.000499233993733	0.000499233993733	0.000499233993733	0.000499233993733	0.000499233993733	0.000499233993733	0.000499233993733	-3.40282346639e+38	-3.40282346639e+38	
-3.40282346639e+38	0.000499233994713	0.000499233994713	0.000499233994713	0.000499233994713	0.000499233994713	0.000499233994713	0.000499233994713	0.000499233994713	-3.40282346639e+38	-3.40282346639e+38	
-3.40282346639e+38	0.00049923399555	0.00049923399555	0.00049923399555	0.00049923399555	0.00049923399555	0.00049923399555	0.00049923399555	0.00049923399555	-3.40282346639e+38	-3.40282346639e+38	
-3.40282346639e+38	0.000499233996266	0.000499233996266	0.000499233996266	0.000499233996266	0.000499233996266	0.000499233996266	0.000499233996266	0.000499233996266	-3.40282346639e+38	-3.40282346639e+38	
-3.40282346639e+38	0.000499233996877	0.000499233996877	0.000499233996877	0.000499233996877	0.000499233996877	0.000499233996877	0.000499233996877	0.000499233996877	-3.40282346639e+38	-3.40282346639e+38	
-3.40282346639e+38	0.0004992339974	0.0004992339974	0.0004992339974	0.0004992339974	0.0004992339974	0.0004992339974	0.0004992339974	0.0004992339974	-3.40282346639e+38	-3.40282346639e+38	
-3.40282346639e+38	0.000499233997847	0.000499233997847	0.000499233997847	0.000499233997847	0.000499233997847	0.000499233997847	0.000499233997847	0.000499233997847	-3.40282346639e+38	-3.40282346639e+38	
-3.40282346639e+38	0.00049923399823	0.00049923399823	0.00049923399823	0.00049923399823	0.00049923399823	0.00049923399823	0.00049923399823	0.00049923399823	-3.40282346639e+38	-3.40282346639e+38	
-3.40282346639e+38	0.000499233998558	0.000499233998558	0.000499233998558	0.000499233998558	0.000499233998558	0.000499233998558	0.000499233998558	0.000499233998558	-3.40282346639e+38	-3.40282346639e+38	
-3.40282346639e+38	0.000499233998839	0.000499233998839	0.000499233998839	0.000499233998839	0.000499233998839	0.000499233998839	0.000499233998839	0.000499233998839	-3.40282346639e+38	-3.40282346639e+38	
-3.40282346639e+38	0.000499233999079	0.000499233999079	0.000499233999079	0.000499233999079	0.000499233999079	0.000499233999079	0.000499233999079	0.000499233999079	-3.40282346639e+38	-3.40282346639e+38	
-3.40282346639e+38	0.000499233999285	0.000499233999285	0.000499233999285	0.000499233999285	0.000499233999285	0.000499233999285	0.000499233999285	0.000499233999285	-3.40282346639e+38	-3.40282346639e+38	
-3.40282346639e+38	0.000499233999462	0.000499233999462	0.000499233999462	0.000499233999462	0.000499233999462	0.000499233999462	0.000499233999462	0.000499233999462	-3.40282346639e+38	-3.40282346639e+38	
-3.40282346639e+38	0.000499233999614	0.000499233999614	0.000499233999614	0.000499233999614	0.000499233999614	0.000499233999614	0.000499233999614	0.000499233999614	-3.40282346639e+38	-3.40282346639e+38	
-3.40282346639e+38	0.000499233999744	0.000499233999744	0.000499233999744	0.000499233999744	0.000499233999744	0.000499233999744	0.000499233999744	0.000499233999744	-3.40282346639e+38	-3.40282346639e+38	
-3.40282346639e+38	0.000499233999856	0.000499233999856	0.000499233999856	0.000499233999856	0.000499233999856	0.000499233999856	0.000499233999856	0.000499233999856	-3.40282346639e+38	-3.40282346639e+38	
-3.40282346639e+38	0.000499233999952	0.000499233999952	0.000499233999952	0.000499233999952	0.000499233999952	0.000499233999952	0.000499233999952	0.000499233999952	-3.40282346639e+38	-3.40282346639e+38	
-3.40282346639e+38	0.000499234000035	0.000499234000035	0.000499234000035	0.000499234000035	0.000499234000035	0.000499234000035	0.000499234000035	0.000499234000035	-3.40282346639e+38	-3.40282346639e+38	
-3.40282346639e+38	0.000499234000106	0.000499234000106	0.000499234000106	0.000499234000106	0.000499234000106	0.000499234000106	0.000499234000106	0.000499234000106	-3.40282346639e+38	-3.40282346639e+38	
-3.40282346639e+38	0.000499234000167	0.000499234000167	0.000499234000167	0.000499234000167	0.000499234000167	0.000499234000167	0.000499234000167	0.000499234000167	-3.40282346639e+38	-3.40282346639e+38	
-3.40282346639e+38	0.00049923400022	0.00049923400022	0.00049923400022	0.00049923400022	0.00049923400022	0.00049923400022	0.00049923400022	0.00049923400022	-3.40282346639e+38	-3.40282346639e+38	
-3.40282346639e+38	0.000499234000265	0.000499234000265	0.000499234000265	0.000499234000265	0.000499234000265	0.000499234000265	0.000499234000265	0.000499234000265	-3.40282346639e+38	-3.40282346639e+38	
-3.40282346639e+38	0.000499234000304	0.000499234000304	0.000499234000304	0.000499234000304	0.000499234000304	0.000499234000304	0.000499234000304	0.000499234000304	-3.40282346639e+38	-3.40282346639e+38	
-3.40282346639e+38	0.000499234000338	0.000499234000338	0.000499234000338	0.000499234000338	0.000499234000338	0.000499234000338	0.000499234000338	0.000499234000338	-3.40282346639e+38	-3.40282346639e+38	
-3.40282346639e+38	0.000499234000367	0.000499234000367	0.000499234000367	0.000499234000367	0.000499234000367	0.000499234000367	0.000499234000367	0.000499234000367	-3.40282346639e+38	-3.40282346639e+38	
-3.40282346639e+38	0.000499234000392	0.000499234000392	0.000499234000392	0.000499234000392	0.000499234000392	0.000499234000392	0.000499234000392	0.000499234000392	-3.40282346639e+38	-3.40282346639e+38	
-3.40282346639e+38	0.000499234000413	0.000499234000413	0.000499234000413	0.000499234000413	0.000499234000413	0.000499234000413	0.000499234000413	0.000499234000413	-3.40282346639e+38	-3.40282346639e+38	
-3.40282346639e+38	0.000499234000432	0.000499234000432	0.000499234000432	0.000499234000432	0.000499234000432	0.000499234000432	0.000499234000432	0.000499234000432	-3.40282346639e+38	-3.40282346639e+38	
-3.40282346639e+38	0.000499234000448	0.000499234000448	0.000499234000448	0.000499234000448	0.000499234000448	0.000499234000448	0.000499234000448	0.000499234000448	-3.40282346639e+38	-3.40282346639e+38	
-3.40282346639e+38	0.000499234000462	0.000499234000462	0.000499234000462	0.000499234000462	0.000499234000462	0.000499234000462	0.000499234000462	0.000499234000462	-3.40282346639e+38	-3.40282346639e+38	
-3.40282346639e+38	0.000499234000474	0.000499234000474	0.000499234000474	0.000499234000474	0.000499234000474	0.000499234000474	0.000499234000474	0.000499234000474	-3.40282346639e+38	-3.40282346639e+38	
-3.40282346639e+38	0.000499234000485	0.000499234000485	0.000499234000485	0.000499234000485	0.000499234000485	0.000499234000485	0.000499234000485	0.000499234000485	-3.40282346639e+38	-3.40282346639e+38	
-3.40282346639e+38	0.000499234000494	0.000499234000494	0.000499234000494	0.000499234000494	0.000499234000494	0.000499234000494	0.000499234000494	0.000499234000494	-3.40282346639e+38	-3.40282346639e+38	
-3.40282346639e+38	0.000499234000502	0.000499234000502	0.000499234000502	0.000499234000502	0.000499234000502	0.000499234000502	0.000499234000502	0.000499234000502	-3.40282346639e+38	-3.40282346639e+38	
-3.40282346639e+38	0.000499234000509	0.000499234000509	0.000499234000509	0.000499234000509	0.000499234000509	0.000499234000509	0.000499234000509	0.000499234000509	-3.40282346639e+38	-3.40282346639e+38	
-3.40282346639e+38	0.000499234000515	0.000499234000515	0.000499234000515	0.000499234000515	0.000499234000515	0.000499234000515	0.000499234000515	0.000499234000515	-3.40282346639e+38	-3.40282346639e+38	
-3.40282346639e+38	0.00049923400052	0.00049923400052	0.00049923400052	0.00049923400052	0.00049923400052	0.00049923400052	0.00049923400052	0.00049923400052	-3.40282346639e+38	-3.40282346639e+38	
-3.40282346639e+38	0.000499234000524	0.000499234000524	0.000499234000524	0.000499234000524	0.000499234000524	0.000499234000524	0.000499234000524	0.000499234000524	-3.40282346639e+38	-3.40282346639e+38	
-3.40282346639e+38	0.000499234000528	0.000499234000528	0.000499234000528	0.000499234000528	0.000499234000528	0.000499234000528	0.000499234000528	0.000499234000528	-3.40282346639e+38	-3.40282346639e+38	
-3.40282346639e+38	0.000499234000532	0.000499234000532	0.000499234000532	0.000499234000532	0.000499234000532	0.000499234000532	0.000499234000532	0.000499234000532	-3.40282346639e+38	-3.40282346639e+38	
-3.40282346639e+38	0.000499234000535	0.000499234000535	0.000499234000535	0.000499234000535	0.000499234000535	0.000499234000535	0.000499234000535	0.000499234000535	-3.40282346639e+38	-3.40282346639e+38	
-3.40282346639e+38	0.000499234000537	0.000499234000537	0.000499234000537	0.000499234000537	0.000499234000537	0.000499234000537	0.000499234000537	0.000499234000537	-3.40282346639e+38	-3.40282346639e+38	
-3.40282346639e+38	0.000499234000539	0.000499234000539	0.000499234000539	0.000499234000539	0.000499234000539	0.000499234000539	0.000499234000539	0.000499234000539	-3.40282346639e+38	-3.40282346639e+38	
-3.40282346639e+38	0.000499234000541	0.000499234000541	0.000499234000541	0.000499234000541	0.000499234000541	0.000499234000541	0.000499234000541	0.000499234000541	-3.40282346639e+38	-3.40282346639e+38	
-3.40282346639e+38	0.000499234000543	0.000499234000543	0.000499234000543	0.000499234000543	0.000499234000543	0.000499234000543	0.000499234000543	0.000499234000543	-3.40282346639e+38	-3.40282346639e+38	
-3.40282346639e+38	0.000499234000545	0.000499234000545	0.000499234000545	0.000499234000545	0.000499234000545	0.000499234000545	0.000499234000545	0.000499234000545	-3.40282346639e+38	-3.40282346639e+38	
-3.40282346639e+38	0.000499234000546	0.000499234000546	0.000499234000546	0.000499234000546	0.000499234000546	0.000499234000546	0.000499234000546	0.000499234000546	-3.40282346639e+38	-3.40282346639e+38	
-3.40282346639e+38	0.000499234000547	0.000499234000547	0.000499234000547	0.000499234000547	0.000499234000547	0.000499234000547	0.000499234000547	0.000499234000547	-3.40282346639e+38	-3.40282346639e+38	
-3.40282346639e+38	0.000499234000548	0.000499234000548	0.000499234000548	0.000499234000548	0.000499234000548	0.000499234000548	0.000499234000548	0.000499234000548	-3.40282346639e+38	-3.40282346639e+38	
-3.40282346639e+38	0.000499234000549	0.000499234000549	0.000499234000549	0.000499234000549	0.000499234000549	0.000499234000549	0.000499234000549	0.000499234000549	-3.40282346639e+38	-3.40282346639e+38	
-3.40282346639e+38	0.00049923400055	0.00049923400055	0.00049923400055	0.00049923400055	0.00049923400055	0.00049923400055	0.00049923400055	0.00049923400055	-3.40282346639e+38	-3.40282346639e+38	
-3.40282346639e+38	0.00049923400055	0.00049923400055	0.00049923400055	0.00049923400055	0.00049923400055	0.00049923400055	0.00049923400055	0.00049923400055	-3.40282346639e+38	-3.40282346639e+38	
-3.40282346639e+38	0.000499234000551	0.000499234000551	0.000499234000551	0.000499234000551	0.000499234000551	0.000499234000551	0.000499234000551	0.000499234000551	-3.40282346639e+38	-3.40282346639e+38	
-3.40282346639e+38	0.000499234000551	0.000499234000551	0.000499234000551	0.000499234000551	0.000499234000551	0.000499234000551	0.000499234000551	0.000499234000551	-3.40282346639e+38	-3.40282346639e+38	
-3.40282346639e+38	0.000499234000552	0.000499234000552	0.000499234000552	0.000499234000552	0.000499234000552	0.000499234000552	0.000499234000552	0.000499234000552	-3.40282346639e+38	-3.40282346639e+38	
-3.40282346639e+38	0.000499234000552	0.000499234000552	0.000499234000552	0.000499234000552	0.000499234000552	0.000499234000552	0.000499234000552	0.000499234000552	-3.40282346639e+38	-3.40282346639e+38	
-3.40282346639e+38	0.000499234000553	0.000499234000553	0.000499234000553	0.000499234000553	0.000499234000553	0.000499234000553	0.000499234000553	0.000499234000553	-3.40282346639e+38	-3.40282346639e+38	
-3.40282346639e+38	0.000499234000553	0.000499234000553	0.000499234000553	0.000499234000553	0.000499234000553	0.000499234000553	0.000499234000553	0.000499234000553	-3.40282346639e+38	-3.40282346639e+38	
-3.40282346639e+38	0.000499234000553	0.000499234000553	0.000499234000553	0.000499234000553	0.000499234000553	0.000499234000553	0.000499234000553	0.000499234000553	-3.40282346639e+38	-3.40282346639e+38	
-3.40282346639e+38	0.000499234000553	0.000499234000553	0.000499234000553	0.000499234000553	0.000499234000553	0.000499234000553	0.000499234000553	0.000499234000553	-3.40282346639e+38	-3.40282346639e+38	
-3.40282346639e+38	0.000499234000554	0.000499234000554	0.000499234000554	0.000499234000554	0.000499234000554	0.000499234000554	0.000499234000554	0.000499234000554	-3.40282346639e+38	-3.40282346639e+38	
-3.40282346639e+38	0.000499234000554	0.000499234000554	0.000499234000554	0.000499234000554	0.000499234000554	0.000499234000554	0.000499234000554	0.000499234000554	-3.40282346639e+38	-3.40282346639e+38	
-3.40282346639e+38	0.000499234000554	0.000499234000554	0.000499234000554	0.000499234000554	0.000499234000554	0.000499234000554	0.000499234000554	0.000499234000554	-3.40282346639e+38	-3.40282346639e+38	
-3.40282346639e+38	0.000499234000554	0.000499234000554	0.000499234000554	0.000499234000554	0.000499234000554	0.000499234000554	0.000499234000554	0.000499234000554	-3.40282346639e+38	-3.40282346639e+38	
-3.40282346639e+38	0.000499234000554	0.000499234000554	0.000499234000554	0.000499234000554	0.000499234000554	0.000499234000554	0.000499234000554	0.000499234000554	-3.40282346639e+38	-3.40282346639e+38	
-3.40282346639e+38	0.000499234000554	0.000499234000554	0.000499234000554	0.000499234000554	0.000499234000554	0.000499234000554	0.000499234000554	0.000499234000554	-3.40282346639e+38	-3.40282346639e+38	
-3.40282346639e+38	0.000499234000555	0.000499234000555	0.000499234000555	0.000499234000555	0.000499234000555	0.000499234000555	0.000499234000555	0.000499234000555	-3.40282346639e+38	-3.40282346639e+38	
-3.40282346639e+38	0.000499234000555	0.000499234000555	0.000499234000555	0.000499234000555	0.000499234000555	0.000499234000555	0.000499234000555	0.000499234000555	-3.40282346639e+38	-3.40282346639e+38	
-3.40282346639e+38	0.000499234000555	0.000499234000555	0.000499234000555	0.000499234000555	0.000499234000555	0.000499234000555	0.000499234000555	0.000499234000555	-3.40282346639e+38	-3.40282346639e+38	
-3.40282346639e+38	0.000499234000555	0.000499234000555	0.000499234000555	0.000499234000555	0.000499234000555	0.000499234000555	0.000499234000555	0.000499234000555	-3.40282346639e+38	-3.40282346639e+38	
-3.40282346639e+38	0.000499234000555	0.000499234000555	0.000499234000555	0.000499234000555	0.000499234000555	0.000499234000555	0.000499234000555	0.000499234000555	-3.40282346639e+38	-3.40282346639e+38	
-3.40282346639e+38	0.000499234000555	0.000499234000555	0.000499234000555	0.000499234000555	0.000499234000555	0.000499234000555	0.000499234000555	0.000499234000555	-3.40282346639e+38	-3.40282346639e+38	
-3.40282346639e+38	0.000499234000555	0.000499234000555	0.000499234000555	0.000499234000555	0.000499234000555	0.000499234000555	0.000499234000555	0.000499234000555	-3.40282346639e+38	-3.40282346639e+38	
-3.40282346639e+38	0.000499234000555	0.000499234000555	0.000499234000555	0.000499234000555	0.000499234000555	0.000499234000555	0.000499234000555	0.000499234000555	-3.40282346639e+38	-3.40282346639e+38	
-3.40282346639e+38	0.000499234000555	0.000499234000555	0.000499234000555	0.000499234000555	0.000499234000555	0.000499234000555	0.000499234000555	0.000499234000555	-3.40282346639e+38	-3.40282346639e+38	
-3.40282346639e+38	0.000499234000555	0.000499234000555	0.000499234000555	0.000499234000555	0.000499234000555	0.000499234000555	0.000499234000555	0.000499234000555	-3.40282346639e+38	-3.40282346639e+38	
-3.40282346639e+38	-3.40282346639e+38	-3.40282346639e+38	-3.40282346639e+38	-3.40282346639e+38	-3.40282346639e+38	-3.40282346639e+38	-3.40282346639e+38	-3.40282346639e+38	-3.40282346639e+38	-3.40282346639e+38	
