out/0000000025h.asc
ncols 11
nrows 101
xllcorner -0.5
yllcorner -0.5
cellsize 1.0
nodata_value -3.40282346639e+38
-3.40282346639e+38	-3.40282346639e+38	-3.40282346639e+38	-3.40282346639e+38	-3.40282346639e+38	-3.40282346639e+38	-3.40282346639e+38	-3.40282346639e+38	-3.40282346639e+38	-3.40282346639e+38	-3.40282346639e+38	
-3.40282346639e+38	-3.40282346639e+38	-3.40282346639e+38	-3.40282346639e+38	-3.40282346639e+38	-3.40282346639e+38	-3.40282346639e+38	-3.40282346639e+38	-3.40282346639e+38	-3.40282346639e+38	-3.40282346639e+38	
-3.40282346639e+38	0.000250912504904	0.000250912504904	0.000250912504904	0.000250912504904	0.000250912504904	0.000250912504904	0.000250912504904	0.000250912504904	-3.40282346639e+38	-3.40282346639e+38	
-3.40282346639e+38	0.000252600951197	0.000252600951197	0.000252600951197	0.000252600951197	0.000252600951197	0.000252600951197	0.000252600951197	0.000252600951197	-3.40282346639e+38	-3.40282346639e+38	
-3.40282346639e+38	0.000252746160848	0.000252746160848	0.000252746160848	0.000252746160848	0.000252746160848	0.000252746160848	0.000252746160848	0.000252746160848	-3.40282346639e+38	-3.40282346639e+38	
-3.40282346639e+38	0.000252756431678	0.000252756431678	0.000252756431678	0.000252756431678	0.000252756431678	0.000252756431678	0.000252756431678	0.000252756431678	-3.40282346639e+38	-3.40282346639e+38	
-3.40282346639e+38	0.000252757068719	0.000252757068719	0.000252757068719	0.000252757068719	0.000252757068719	0.000252757068719	0.000252757068719	0.000252757068719	-3.40282346639e+38	-3.40282346639e+38	
-3.40282346639e+38	0.00025275711696	0.00025275711696	0.00025275711696	0.00025275711696	0.00025275711696	0.00025275711696	0.00025275711696	0.00025275711696	-3.40282346639e+38	-3.40282346639e+38	
-3.40282346639e+38	0.000252757131623	0.000252757131623	0.000252757131623	0.000252757131623	0.000252757131623	0.000252757131623	0.000252757131623	0.000252757131623	-3.40282346639e+38	-3.40282346639e+38	
-3.40282346639e+38	0.00025275714288	0.00025275714288	0.00025275714288	0.00025275714288	0.00025275714288	0.00025275714288	0.00025275714288	0.00025275714288	-3.40282346639e+38	-3.40282346639e+38	
-3.40282346639e+38	0.000252757152441	0.000252757152441	0.000252757152441	0.000252757152441	0.000252757152441	0.000252757152441	0.000252757152441	0.000252757152441	-3.40282346639e+38	-3.40282346639e+38	
-3.40282346639e+38	0.000252757160602	0.000252757160602	0.000252757160602	0.000252757160602	0.000252757160602	0.000252757160602	0.000252757160602	0.000252757160602	-3.40282346639e+38	-3.40282346639e+38	
-3.40282346639e+38	0.000252757167566	0.000252757167566	0.000252757167566	0.000252757167566	0.000252757167566	0.000252757167566	0.000252757167566	0.000252757167566	-3.40282346639e+38	-3.40282346639e+38	
-3.40282346639e+38	0.000252757173507	0.000252757173507	0.000252757173507	0.000252757173507	0.000252757173507	0.000252757173507	0.000252757173507	0.000252757173507	-3.40282346639e+38	-3.40282346639e+38	
-3.40282346639e+38	0.000252757178574	0.000252757178574	0.000252757178574	0.000252757178574	0.000252757178574	0.000252757178574	0.000252757178574	0.000252757178574	-3.40282346639e+38	-3.40282346639e+38	
-3.40282346639e+38	0.000252757182895	0.000252757182895	0.000252757182895	0.000252757182895	0.000252757182895	0.000252757182895	0.000252757182895	0.000252757182895	-3.40282346639e+38	-3.40282346639e+38	
-3.40282346639e+38	0.000252757186579	0.000252757186579	0.000252757186579	0.000252757186579	0.000252757186579	0.000252757186579	0.000252757186579	0.000252757186579	-3.40282346639e+38	-3.40282346639e+38	
-3.40282346639e+38	0.00025275718972	0.00025275718972	0.00025275718972	0.00025275718972	0.00025275718972	0.00025275718972	0.00025275718972	0.00025275718972	-3.40282346639e+38	-3.40282346639e+38	
-3.40282346639e+38	0.000252757192398	0.000252757192398	0.000252757192398	0.000252757192398	0.000252757192398	0.000252757192398	0.000252757192398	0.000252757192398	-3.40282346639e+38	-3.40282346639e+38	
-3.40282346639e+38	0.000252757194682	0.000252757194682	0.000252757194682	0.000252757194682	0.000252757194682	0.000252757194682	0.000252757194682	0.000252757194682	-3.40282346639e+38	-3.40282346639e+38	
-3.40282346639e+38	0.000252757196629	0.000252757196629	0.000252757196629	0.000252757196629	0.000252757196629	0.000252757196629	0.000252757196629	0.000252757196629	-3.40282346639e+38	-3.40282346639e+38	
-3.40282346639e+38	0.00025275719829	0.00025275719829	0.00025275719829	0.00025275719829	0.00025275719829	0.00025275719829	0.00025275719829	0.00025275719829	-3.40282346639e+38	-3.40282346639e+38	
-3.40282346639e+38	0.000252757199708	0.000252757199708	0.000252757199708	0.000252757199708	0.000252757199708	0.000252757199708	0.000252757199708	0.000252757199708	-3.40282346639e+38	-3.40282346639e+38	
-3.40282346639e+38	0.000252757200917	0.000252757200917	0.000252757200917	0.000252757200917	0.000252757200917	0.000252757200917	0.000252757200917	0.000252757200917	-3.40282346639e+38	-3.40282346639e+38	
-3.40282346639e+38	0.00025275720195	0.00025275720195	0.00025275720195	0.00025275720195	0.00025275720195	0.00025275720195	0.00025275720195	0.00025275720195	-3.40282346639e+38	-3.40282346639e+38	
-3.40282346639e+38	0.000252757202831	0.000252757202831	0.000252757202831	0.000252757202831	0.000252757202831	0.000252757202831	0.000252757202831	0.000252757202831	-3.40282346639e+38	-3.40282346639e+38	
-3.40282346639e+38	0.000252757203584	0.000252757203584	0.000252757203584	0.000252757203584	0.000252757203584	0.000252757203584	0.000252757203584	0.000252757203584	-3.40282346639e+38	-3.40282346639e+38	
-3.40282346639e+38	0.000252757204228	0.000252757204228	0.000252757204228	0.000252757204228	0.000252757204228	0.000252757204228	0.000252757204228	0.000252757204228	-3.40282346639e+38	-3.40282346639e+38	
-3.40282346639e+38	0.000252757204778	0.000252757204778	0.000252757204778	0.000252757204778	0.000252757204778	0.000252757204778	0.000252757204778	0.000252757204778	-3.40282346639e+38	-3.40282346639e+38	
-3.40282346639e+38	0.000252757205248	0.000252757205248	0.000252757205248	0.000252757205248	0.000252757205248	0.000252757205248	0.000252757205248	0.000252757205248	-3.40282346639e+38	-3.40282346639e+38	
-3.40282346639e+38	0.00025275720565	0.00025275720565	0.00025275720565	0.00025275720565	0.00025275720565	0.00025275720565	0.00025275720565	0.00025275720565	-3.40282346639e+38	-3.40282346639e+38	
-3.40282346639e+38	0.000252757205995	0.000252757205995	0.000252757205995	0.000252757205995	0.000252757205995	0.000252757205995	0.000252757205995	0.000252757205995	-3.40282346639e+38	-3.40282346639e+38	
-3.40282346639e+38	0.000252757206289	0.000252757206289	0.000252757206289	0.000252757206289	0.000252757206289	0.000252757206289	0.000252757206289	0.000252757206289	-3.40282346639e+38	-3.40282346639e+38	
-3.40282346639e+38	0.000252757206542	0.000252757206542	0.000252757206542	0.000252757206542	0.000252757206542	0.000252757206542	0.000252757206542	0.000252757206542	-3.40282346639e+38	-3.40282346639e+38	
-3.40282346639e+38	0.000252757206758	0.000252757206758	0.000252757206758	0.000252757206758	0.000252757206758	0.000252757206758	0.000252757206758	0.000252757206758	-3.40282346639e+38	-3.40282346639e+38	
-3.40282346639e+38	0.000252757206943	0.000252757206943	0.000252757206943	0.000252757206943	0.000252757206943	0.000252757206943	0.000252757206943	0.000252757206943	-3.40282346639e+38	-3.40282346639e+38	
-3.40282346639e+38	0.000252757207102	0.000252757207102	0.000252757207102	0.000252757207102	0.000252757207102	0.000252757207102	0.000252757207102	0.000252757207102	-3.40282346639e+38	-3.40282346639e+38	
-3.40282346639e+38	0.000252757207239	0.000252757207239	0.000252757207239	0.000252757207239	0.000252757207239	0.000252757207239	0.000252757207239	0.000252757207239	-3.40282346639e+38	-3.40282346639e+38	
-3.40282346639e+38	0.000252757207356	0.000252757207356	0.000252757207356	0.000252757207356	0.000252757207356	0.000252757207356	0.000252757207356	0.000252757207356	-3.40282346639e+38	-3.40282346639e+38	
-3.40282346639e+38	0.000252757207456	0.000252757207456	0.000252757207456	0.000252757207456	0.000252757207456	0.000252757207456	0.000252757207456	0.000252757207456	-3.40282346639e+38	-3.40282346639e+38	
-3.40282346639e+38	0.000252757207543	0.000252757207543	0.000252757207543	0.000252757207543	0.000252757207543	0.000252757207543	0.000252757207543	0.000252757207543	-3.40282346639e+38	-3.40282346639e+38	
-3.40282346639e+38	0.000252757207617	0.000252757207617	0.000252757207617	0.000252757207617	0.000252757207617	0.000252757207617	0.000252757207617	0.000252757207617	-3.40282346639e+38	-3.40282346639e+38	
-3.40282346639e+38	0.000252757207681	0.000252757207681	0.000252757207681	0.000252757207681	0.000252757207681	0.000252757207681	0.000252757207681	0.000252757207681	-3.40282346639e+38	-3.40282346639e+38	
-3.40282346639e+38	0.000252757207736	0.000252757207736	0.000252757207736	0.000252757207736	0.000252757207736	0.000252757207736	0.000252757207736	0.000252757207736	-3.40282346639e+38	-3.40282346639e+38	
-3.40282346639e+38	0.000252757207783	0.000252757207783	0.000252757207783	0.000252757207783	0.000252757207783	0.000252757207783	0.000252757207783	0.000252757207783	-3.40282346639e+38	-3.40282346639e+38	
-3.40282346639e+38	0.000252757207824	0.000252757207824	0.000252757207824	0.000252757207824	0.000252757207824	0.000252757207824	0.000252757207824	0.000252757207824	-3.40282346639e+38	-3.40282346639e+38	
-3.40282346639e+38	0.000252757207859	0.000252757207859	0.000252757207859	0.000252757207859	0.000252757207859	0.000252757207859	0.000252757207859	0.000252757207859	-3.40282346639e+38	-3.40282346639e+38	
-3.40282346639e+38	0.000252757207889	0.000252757207889	0.000252757207889	0.000252757207889	0.000252757207889	0.000252757207889	0.000252757207889	0.000252757207889	-3.40282346639e+38	-3.40282346639e+38	
-3.40282346639e+38	0.000252757207916	0.000252757207916	0.000252757207916	0.000252757207916	0.000252757207916	0.000252757207916	0.000252757207916	0.000252757207916	-3.40282346639e+38	-3.40282346639e+38	
-3.40282346639e+38	0.000252757207938	0.000252757207938	0.000252757207938	0.000252757207938	0.000252757207938	0.000252757207938	0.000252757207938	0.000252757207938	-3.40282346639e+38	-3.40282346639e+38	
-3.40282346639e+38	0.000252757207958	0.000252757207958	0.000252757207958	0.000252757207958	0.000252757207958	0.000252757207958	0.000252757207958	0.000252757207958	-3.40282346639e+38	-3.40282346639e+38	
-3.40282346639e+38	0.000252757207974	0.000252757207974	0.000252757207974	0.000252757207974	0.000252757207974	0.000252757207974	0.000252757207974	0.000252757207974	-3.40282346639e+38	-3.40282346639e+38	
-3.40282346639e+38	0.000252757207989	0.000252757207989	0.000252757207989	0.000252757207989	0.000252757207989	0.000252757207989	0.000252757207989	0.000252757207989	-3.40282346639e+38	-3.40282346639e+38	
-3.40282346639e+38	0.000252757208002	0.000252757208002	0.000252757208002	0.000252757208002	0.000252757208002	0.000252757208002	0.000252757208002	0.000252757208002	-3.40282346639e+38	-3.40282346639e+38	
-3.40282346639e+38	0.000252757208012	0.000252757208012	0.000252757208012	0.000252757208012	0.000252757208012	0.000252757208012	0.000252757208012	0.000252757208012	-3.40282346639e+38	-3.40282346639e+38	
-3.40282346639e+38	0.000252757208022	0.000252757208022	0.000252757208022	0.000252757208022	0.000252757208022	0.000252757208022	0.000252757208022	0.000252757208022	-3.40282346639e+38	-3.40282346639e+38	
-3.40282346639e+38	0.00025275720803	0.00025275720803	0.00025275720803	0.00025275720803	0.00025275720803	0.00025275720803	0.00025275720803	0.00025275720803	-3.40282346639e+38	-3.40282346639e+38	
-3.40282346639e+38	0.000252757208037	0.000252757208037	0.000252757208037	0.000252757208037	0.000252757208037	0.000252757208037	0.000252757208037	0.000252757208037	-3.40282346639e+38	-3.40282346639e+38	
-3.40282346639e+38	0.000252757208043	0.000252757208043	0.000252757208043	0.000252757208043	0.000252757208043	0.000252757208043	0.000252757208043	0.000252757208043	-3.40282346639e+38	-3.40282346639e+38	
-3.40282346639e+38	0.000252757208049	0.000252757208049	0.000252757208049	0.000252757208049	0.000252757208049	0.000252757208049	0.000252757208049	0.000252757208049	-3.40282346639e+38	-3.40282346639e+38	
-3.40282346639e+38	0.000252757208053	0.000252757208053	0.000252757208053	0.000252757208053	0.000252757208053	0.000252757208053	0.000252757208053	0.000252757208053	-3.40282346639e+38	-3.40282346639e+38	
-3.40282346639e+38	0.000252757208057	0.000252757208057	0.000252757208057	0.000252757208057	0.000252757208057	0.000252757208057	0.000252757208057	0.000252757208057	-3.40282346639e+38	-3.40282346639e+38	
-3.40282346639e+38	0.000252757208061	0.000252757208061	0.000252757208061	0.000252757208061	0.000252757208061	0.000252757208061	0.000252757208061	0.000252757208061	-3.40282346639e+38	-3.40282346639e+38	
-3.40282346639e+38	0.000252757208064	0.000252757208064	0.000252757208064	0.000252757208064	0.000252757208064	0.000252757208064	0.000252757208064	0.000252757208064	-3.40282346639e+38	-3.40282346639e+38	
-3.40282346639e+38	0.000252757208066	0.000252757208066	0.000252757208066	0.000252757208066	0.000252757208066	0.000252757208066	0.000252757208066	0.000252757208066	-3.40282346639e+38	-3.40282346639e+38	
-3.40282346639e+38	0.000252757208069	0.000252757208069	0.000252757208069	0.000252757208069	0.000252757208069	0.000252757208069	0.000252757208069	0.000252757208069	-3.40282346639e+38	-3.40282346639e+38	
-3.40282346639e+38	0.000252757208071	0.000252757208071	0.000252757208071	0.000252757208071	0.000252757208071	0.000252757208071	0.000252757208071	0.000252757208071	-3.40282346639e+38	-3.40282346639e+38	
-3.40282346639e+38	0.000252757208073	0.000252757208073	0.000252757208073	0.000252757208073	0.000252757208073	0.000252757208073	0.000252757208073	0.000252757208073	-3.40282346639e+38	-3.40282346639e+38	
-3.40282346639e+38	0.000252757208074	0.000252757208074	0.000252757208074	0.000252757208074	0.000252757208074	0.000252757208074	0.000252757208074	0.000252757208074	-3.40282346639e+38	-3.40282346639e+38	
-3.40282346639e+38	0.000252757208075	0.000252757208075	0.000252757208075	0.000252757208075	0.000252757208075	0.000252757208075	0.000252757208075	0.000252757208075	-3.40282346639e+38	-3.40282346639e+38	
-3.40282346639e+38	0.000252757208077	0.000252757208077	0.000252757208077	0.000252757208077	0.000252757208077	0.000252757208077	0.000252757208077	0.000252757208077	-3.40282346639e+38	-3.40282346639e+38	
-3.40282346639e+38	0.000252757208078	0.000252757208078	0.000252757208078	0.000252757208078	0.000252757208078	0.000252757208078	0.000252757208078	0.000252757208078	-3.40282346639e+38	-3.40282346639e+38	
-3.40282346639e+38	0.000252757208079	0.000252757208079	0.000252757208079	0.000252757208079	0.000252757208079	0.000252757208079	0.000252757208079	0.000252757208079	-3.40282346639e+38	-3.40282346639e+38	
-3.40282346639e+38	0.000252757208079	0.000252757208079	0.000252757208079	0.000252757208079	0.000252757208079	0.000252757208079	0.000252757208079	0.000252757208079	-3.40282346639e+38	-3.40282346639e+38	
-3.40282346639e+38	0.00025275720808	0.00025275720808	0.00025275720808	0.00025275720808	0.00025275720808	0.00025275720808	0.00025275720808	0.00025275720808	-3.40282346639e+38	-3.40282346639e+38	
-3.40282346639e+38	0.000252757208081	0.000252757208081	0.000252757208081	0.000252757208081	0.000252757208081	0.000252757208081	0.000252757208081	0.000252757208081	-3.40282346639e+38	-3.40282346639e+38	
-3.40282346639e+38	0.000252757208081	0.000252757208081	0.000252757208081	0.000252757208081	0.000252757208081	0.000252757208081	0.000252757208081	0.000252757208081	-3.40282346639e+38	-3.40282346639e+38	
-3.40282346639e+38	0.000252757208082	0.000252757208082	0.000252757208082	0.000252757208082	0.000252757208082	0.000252757208082	0.000252757208082	0.000252757208082	-3.40282346639e+38	-3.40282346639e+38	
-3.40282346639e+38	0.000252757208082	0.000252757208082	0.000252757208082	0.000252757208082	0.000252757208082	0.000252757208082	0.000252757208082	0.000252757208082	-3.40282346639e+38	-3.40282346639e+38	
-3.40282346639e+38	0.000252757208082	0.000252757208082	0.000252757208082	0.000252757208082	0.000252757208082	0.000252757208082	0.000252757208082	0.000252757208082	-3.40282346639e+38	-3.40282346639e+38	
-3.40282346639e+38	0.000252757208083	0.000252757208083	0.000252757208083	0.000252757208083	0.000252757208083	0.000252757208083	0.000252757208083	0.000252757208083	-3.40282346639e+38	-3.40282346639e+38	
-3.40282346639e+38	0.000252757208083	0.000252757208083	0.000252757208083	0.000252757208083	0.000252757208083	0.000252757208083	0.000252757208083	0.000252757208083	-3.40282346639e+38	-3.40282346639e+38	
-3.40282346639e+38	0.000252757208083	0.000252757208083	0.000252757208083	0.000252757208083	0.000252757208083	0.000252757208083	0.000252757208083	0.000252757208083	-3.40282346639e+38	-3.40282346639e+38	
-3.40282346639e+38	0.000252757208083	0.000252757208083	0.000252757208083	0.000252757208083	0.000252757208083	0.000252757208083	0.000252757208083	0.000252757208083	-3.40282346639e+38	-3.40282346639e+38	
-3.40282346639e+38	0.000252757208084	0.000252757208084	0.000252757208084	0.000252757208084	0.000252757208084	0.000252757208084	0.000252757208084	0.000252757208084	-3.40282346639e+38	-3.40282346639e+38	
-3.40282346639e+38	0.000252757208084	0.000252757208084	0.000252757208084	0.000252757208084	0.000252757208084	0.000252757208084	0.000252757208084	0.000252757208084	-3.40282346639e+38	-3.40282346639e+38	
-3.40282346639e+38	0.000252757208084	0.000252757208084	0.000252757208084	0.000252757208084	0.000252757208084	0.000252757208084	0.000252757208084	0.000252757208084	-3.40282346639e+38	-3.40282346639e+38	
-3.40282346639e+38	0.000252757208084	0.000252757208084	0.000252757208084	0.000252757208084	0.000252757208084	0.000252757208084	0.000252757208084	0.000252757208084	-3.40282346639e+38	-3.40282346639e+38	
-3.40282346639e+38	0.000252757208084	0.000252757208084	0.000252757208084	0.000252757208084	0.000252757208084	0.000252757208084	0.000252757208084	0.000252757208084	-3.40282346639e+38	-3.40282346639e+38	
-3.40282346639e+38	0.000252757208084	0.000252757208084	0.000252757208084	0.000252757208084	0.000252757208084	0.000252757208084	0.000252757208084	0.000252757208084	-3.40282346639e+38	-3.40282346639e+38	
-3.40282346639e+38	0.000252757208084	0.000252757208084	0.000252757208084	0.000252757208084	0.000252757208084	0.000252757208084	0.000252757208084	0.000252757208084	-3.40282346639e+38	-3.40282346639e+38	
-3.40282346639e+38	0.000252757208085	0.000252757208085	0.000252757208085	0.000252757208085	0.000252757208085	0.000252757208085	0.000252757208085	0.000252757208085	-3.40282346639e+38	-3.40282346639e+38	
-3.40282346639e+38	0.000252757208085	0.000252757208085	0.000252757208085	0.000252757208085	0.000252757208085	0.000252757208085	0.000252757208085	0.000252757208085	-3.40282346639e+38	-3.40282346639e+38	
-3.40282346639e+38	0.000252757208085	0.000252757208085	0.000252757208085	0.000252757208085	0.000252757208085	0.000252757208085	0.000252757208085	0.000252757208085	-3.40282346639e+38	-3.40282346639e+38	
-3.40282346639e+38	0.000252757208085	0.000252757208085	0.000252757208085	0.000252757208085	0.000252757208085	0.000252757208085	0.000252757208085	0.000252757208085	-3.40282346639e+38	-3.40282346639e+38	
-3.40282346639e+38	0.000252757208085	0.000252757208085	0.000252757208085	0.000252757208085	0.000252757208085	0.000252757208085	0.000252757208085	0.000252757208085	-3.40282346639e+38	-3.40282346639e+38	
-3.40282346639e+38	0.000252757208085	0.000252757208085	0.000252757208085	0.000252757208085	0.000252757208085	0.000252757208085	0.000252757208085	0.000252757208085	-3.40282346639e+38	-3.40282346639e+38	
-3.40282346639e+38	0.000252757208085	0.000252757208085	0.000252757208085	0.000252757208085	0.000252757208085	0.000252757208085	0.000252757208085	0.000252757208085	-3.40282346639e+38	-3.40282346639e+38	
-3.40282346639e+38	0.000252757208085	0.000252757208085	0.000252757208085	0.000252757208085	0.000252757208085	0.000252757208085	0.000252757208085	0.000252757208085	-3.40282346639e+38	-3.40282346639e+38	
-3.40282346639e+38	0.000252757208085	0.000252757208085	0.000252757208085	0.000252757208085	0.000252757208085	0.000252757208085	0.000252757208085	0.000252757208085	-3.40282346639e+38	-3.40282346639e+38	
-3.40282346639e+38	-3.40282346639e+38	-3.40282346639e+38	-3.40282346639e+38	-3.40282346639e+38	-3.40282346639e+38	-3.40282346639e+38	-3.40282346639e+38	-3.40282346639e+38	-3.40282346639e+38	-3.40282346639e+38	
