out/0000000021h.asc
ncols 11
nrows 101
xllcorner -0.5
yllcorner -0.5
cellsize 1.0
nodata_value -3.40282346639e+38
-3.40282346639e+38	-3.40282346639e+38	-3.40282346639e+38	-3.40282346639e+38	-3.40282346639e+38	-3.40282346639e+38	-3.40282346639e+38	-3.40282346639e+38	-3.40282346639e+38	-3.40282346639e+38	-3.40282346639e+38	
-3.40282346639e+38	-3.40282346639e+38	-3.40282346639e+38	-3.40282346639e+38	-3.40282346639e+38	-3.40282346639e+38	-3.40282346639e+38	-3.40282346639e+38	-3.40282346639e+38	-3.40282346639e+38	-3.40282346639e+38	
-3.40282346639e+38	0.000208279555705	0.000208279555705	0.000208279555705	0.000208279555705	0.000208279555705	0.000208279555705	0.000208279555705	0.000208279555705	-3.40282346639e+38	-3.40282346639e+38	
-3.40282346639e+38	0.000209095196187	0.000209095196187	0.000209095196187	0.000209095196187	0.000209095196187	0.000209095196187	0.000209095196187	0.000209095196187	-3.40282346639e+38	-3.40282346639e+38	
-3.40282346639e+38	0.000209147991866	0.000209147991866	0.000209147991866	0.000209147991866	0.000209147991866	0.000209147991866	0.000209147991866	0.000209147991866	-3.40282346639e+38	-3.40282346639e+38	
-3.40282346639e+38	0.000209150824361	0.000209150824361	0.000209150824361	0.000209150824361	0.000209150824361	0.000209150824361	0.000209150824361	0.000209150824361	-3.40282346639e+38	-3.40282346639e+38	
-3.40282346639e+38	0.000209150970689	0.000209150970689	0.000209150970689	0.000209150970689	0.000209150970689	0.000209150970689	0.000209150970689	0.000209150970689	-3.40282346639e+38	-3.40282346639e+38	
-3.40282346639e+38	0.000209150990997	0.000209150990997	0.000209150990997	0.000209150990997	0.000209150990997	0.000209150990997	0.000209150990997	0.000209150990997	-3.40282346639e+38	-3.40282346639e+38	
-3.40282346639e+38	0.000209151004108	0.000209151004108	0.000209151004108	0.000209151004108	0.000209151004108	0.000209151004108	0.000209151004108	0.000209151004108	-3.40282346639e+38	-3.40282346639e+38	
-3.40282346639e+38	0.00020915101516	0.00020915101516	0.00020915101516	0.00020915101516	0.00020915101516	0.00020915101516	0.00020915101516	0.00020915101516	-3.40282346639e+38	-3.40282346639e+38	
-3.40282346639e+38	0.000209151024595	0.000209151024595	0.000209151024595	0.000209151024595	0.000209151024595	0.000209151024595	0.000209151024595	0.000209151024595	-3.40282346639e+38	-3.40282346639e+38	
-3.40282346639e+38	0.000209151032651	0.000209151032651	0.000209151032651	0.000209151032651	0.000209151032651	0.000209151032651	0.000209151032651	0.000209151032651	-3.40282346639e+38	-3.40282346639e+38	
-3.40282346639e+38	0.000209151039525	0.000209151039525	0.000209151039525	0.000209151039525	0.000209151039525	0.000209151039525	0.000209151039525	0.000209151039525	-3.40282346639e+38	-3.40282346639e+38	
-3.40282346639e+38	0.000209151045388	0.000209151045388	0.000209151045388	0.000209151045388	0.000209151045388	0.000209151045388	0.000209151045388	0.000209151045388	-3.40282346639e+38	-3.40282346639e+38	
-3.40282346639e+38	0.000209151050389	0.000209151050389	0.000209151050389	0.000209151050389	0.000209151050389	0.000209151050389	0.000209151050389	0.000209151050389	-3.40282346639e+38	-3.40282346639e+38	
-3.40282346639e+38	0.000209151054652	0.000209151054652	0.000209151054652	0.000209151054652	0.000209151054652	0.000209151054652	0.000209151054652	0.000209151054652	-3.40282346639e+38	-3.40282346639e+38	
-3.40282346639e+38	0.000209151058288	0.000209151058288	0.000209151058288	0.000209151058288	0.000209151058288	0.000209151058288	0.000209151058288	0.000209151058288	-3.40282346639e+38	-3.40282346639e+38	
-3.40282346639e+38	0.000209151061387	0.000209151061387	0.000209151061387	0.000209151061387	0.000209151061387	0.000209151061387	0.000209151061387	0.000209151061387	-3.40282346639e+38	-3.40282346639e+38	
-3.40282346639e+38	0.000209151064029	0.000209151064029	0.000209151064029	0.000209151064029	0.000209151064029	0.000209151064029	0.000209151064029	0.000209151064029	-3.40282346639e+38	-3.40282346639e+38	
-3.40282346639e+38	0.000209151066282	0.000209151066282	0.000209151066282	0.000209151066282	0.000209151066282	0.000209151066282	0.000209151066282	0.000209151066282	-3.40282346639e+38	-3.40282346639e+38	
-3.40282346639e+38	0.000209151068204	0.000209151068204	0.000209151068204	0.000209151068204	0.000209151068204	0.000209151068204	0.000209151068204	0.000209151068204	-3.40282346639e+38	-3.40282346639e+38	
-3.40282346639e+38	0.000209151069843	0.000209151069843	0.000209151069843	0.000209151069843	0.000209151069843	0.000209151069843	0.000209151069843	0.000209151069843	-3.40282346639e+38	-3.40282346639e+38	
-3.40282346639e+38	0.000209151071241	0.000209151071241	0.000209151071241	0.000209151071241	0.000209151071241	0.000209151071241	0.000209151071241	0.000209151071241	-3.40282346639e+38	-3.40282346639e+38	
-3.40282346639e+38	0.000209151072435	0.000209151072435	0.000209151072435	0.000209151072435	0.000209151072435	0.000209151072435	0.000209151072435	0.000209151072435	-3.40282346639e+38	-3.40282346639e+38	
-3.40282346639e+38	0.000209151073453	0.000209151073453	0.000209151073453	0.000209151073453	0.000209151073453	0.000209151073453	0.000209151073453	0.000209151073453	-3.40282346639e+38	-3.40282346639e+38	
-3.40282346639e+38	0.000209151074323	0.000209151074323	0.000209151074323	0.000209151074323	0.000209151074323	0.000209151074323	0.000209151074323	0.000209151074323	-3.40282346639e+38	-3.40282346639e+38	
-3.40282346639e+38	0.000209151075066	0.000209151075066	0.000209151075066	0.000209151075066	0.000209151075066	0.000209151075066	0.000209151075066	0.000209151075066	-3.40282346639e+38	-3.40282346639e+38	
-3.40282346639e+38	0.000209151075701	0.000209151075701	0.000209151075701	0.000209151075701	0.000209151075701	0.000209151075701	0.000209151075701	0.000209151075701	-3.40282346639e+38	-3.40282346639e+38	
-3.40282346639e+38	0.000209151076244	0.000209151076244	0.000209151076244	0.000209151076244	0.000209151076244	0.000209151076244	0.000209151076244	0.000209151076244	-3.40282346639e+38	-3.40282346639e+38	
-3.40282346639e+38	0.000209151076708	0.000209151076708	0.000209151076708	0.000209151076708	0.000209151076708	0.000209151076708	0.000209151076708	0.000209151076708	-3.40282346639e+38	-3.40282346639e+38	
-3.40282346639e+38	0.000209151077104	0.000209151077104	0.000209151077104	0.000209151077104	0.000209151077104	0.000209151077104	0.000209151077104	0.000209151077104	-3.40282346639e+38	-3.40282346639e+38	
-3.40282346639e+38	0.000209151077444	0.000209151077444	0.000209151077444	0.000209151077444	0.000209151077444	0.000209151077444	0.000209151077444	0.000209151077444	-3.40282346639e+38	-3.40282346639e+38	
-3.40282346639e+38	0.000209151077735	0.000209151077735	0.000209151077735	0.000209151077735	0.000209151077735	0.000209151077735	0.000209151077735	0.000209151077735	-3.40282346639e+38	-3.40282346639e+38	
-3.40282346639e+38	0.000209151077984	0.000209151077984	0.000209151077984	0.000209151077984	0.000209151077984	0.000209151077984	0.000209151077984	0.000209151077984	-3.40282346639e+38	-3.40282346639e+38	
-3.40282346639e+38	0.000209151078197	0.000209151078197	0.000209151078197	0.000209151078197	0.000209151078197	0.000209151078197	0.000209151078197	0.000209151078197	-3.40282346639e+38	-3.40282346639e+38	
-3.40282346639e+38	0.00020915107838	0.00020915107838	0.00020915107838	0.00020915107838	0.00020915107838	0.00020915107838	0.00020915107838	0.00020915107838	-3.40282346639e+38	-3.40282346639e+38	
-3.40282346639e+38	0.000209151078537	0.000209151078537	0.000209151078537	0.000209151078537	0.000209151078537	0.000209151078537	0.000209151078537	0.000209151078537	-3.40282346639e+38	-3.40282346639e+38	
-3.40282346639e+38	0.000209151078671	0.000209151078671	0.000209151078671	0.000209151078671	0.000209151078671	0.000209151078671	0.000209151078671	0.000209151078671	-3.40282346639e+38	-3.40282346639e+38	
-3.40282346639e+38	0.000209151078787	0.000209151078787	0.000209151078787	0.000209151078787	0.000209151078787	0.000209151078787	0.000209151078787	0.000209151078787	-3.40282346639e+38	-3.40282346639e+38	
-3.40282346639e+38	0.000209151078886	0.000209151078886	0.000209151078886	0.000209151078886	0.000209151078886	0.000209151078886	0.000209151078886	0.000209151078886	-3.40282346639e+38	-3.40282346639e+38	
-3.40282346639e+38	0.000209151078971	0.000209151078971	0.000209151078971	0.000209151078971	0.000209151078971	0.000209151078971	0.000209151078971	0.000209151078971	-3.40282346639e+38	-3.40282346639e+38	
-3.40282346639e+38	0.000209151079045	0.000209151079045	0.000209151079045	0.000209151079045	0.000209151079045	0.000209151079045	0.000209151079045	0.000209151079045	-3.40282346639e+38	-3.40282346639e+38	
-3.40282346639e+38	0.000209151079108	0.000209151079108	0.000209151079108	0.000209151079108	0.000209151079108	0.000209151079108	0.000209151079108	0.000209151079108	-3.40282346639e+38	-3.40282346639e+38	
-3.40282346639e+38	0.000209151079162	0.000209151079162	0.000209151079162	0.000209151079162	0.000209151079162	0.000209151079162	0.000209151079162	0.000209151079162	-3.40282346639e+38	-3.40282346639e+38	
-3.40282346639e+38	0.000209151079209	0.000209151079209	0.000209151079209	0.000209151079209	0.000209151079209	0.000209151079209	0.000209151079209	0.000209151079209	-3.40282346639e+38	-3.40282346639e+38	
-3.40282346639e+38	0.000209151079249	0.000209151079249	0.000209151079249	0.000209151079249	0.000209151079249	0.000209151079249	0.000209151079249	0.000209151079249	-3.40282346639e+38	-3.40282346639e+38	
-3.40282346639e+38	0.000209151079283	0.000209151079283	0.000209151079283	0.000209151079283	0.000209151079283	0.000209151079283	0.000209151079283	0.000209151079283	-3.40282346639e+38	-3.40282346639e+38	
-3.40282346639e+38	0.000209151079313	0.000209151079313	0.000209151079313	0.000209151079313	0.000209151079313	0.000209151079313	0.000209151079313	0.000209151079313	-3.40282346639e+38	-3.40282346639e+38	
-3.40282346639e+38	0.000209151079339	0.000209151079339	0.000209151079339	0.000209151079339	0.000209151079339	0.000209151079339	0.000209151079339	0.000209151079339	-3.40282346639e+38	-3.40282346639e+38	
-3.40282346639e+38	0.000209151079361	0.000209151079361	0.000209151079361	0.000209151079361	0.000209151079361	0.000209151079361	0.000209151079361	0.000209151079361	-3.40282346639e+38	-3.40282346639e+38	
-3.40282346639e+38	0.000209151079381	0.000209151079381	0.000209151079381	0.000209151079381	0.000209151079381	0.000209151079381	0.000209151079381	0.000209151079381	-3.40282346639e+38	-3.40282346639e+38	
-3.40282346639e+38	0.000209151079397	0.000209151079397	0.000209151079397	0.000209151079397	0.000209151079397	0.000209151079397	0.000209151079397	0.000209151079397	-3.40282346639e+38	-3.40282346639e+38	
-3.40282346639e+38	0.000209151079412	0.000209151079412	0.000209151079412	0.000209151079412	0.000209151079412	0.000209151079412	0.000209151079412	0.000209151079412	-3.40282346639e+38	-3.40282346639e+38	
-3.40282346639e+38	0.000209151079424	0.000209151079424	0.000209151079424	0.000209151079424	0.000209151079424	0.000209151079424	0.000209151079424	0.000209151079424	-3.40282346639e+38	-3.40282346639e+38	
-3.40282346639e+38	0.000209151079435	0.000209151079435	0.000209151079435	0.000209151079435	0.000209151079435	0.000209151079435	0.000209151079435	0.000209151079435	-3.40282346639e+38	-3.40282346639e+38	
-3.40282346639e+38	0.000209151079444	0.000209151079444	0.000209151079444	0.000209151079444	0.000209151079444	0.000209151079444	0.000209151079444	0.000209151079444	-3.40282346639e+38	-3.40282346639e+38	
-3.40282346639e+38	0.000209151079452	0.000209151079452	0.000209151079452	0.000209151079452	0.000209151079452	0.000209151079452	0.000209151079452	0.000209151079452	-3.40282346639e+38	-3.40282346639e+38	
-3.40282346639e+38	0.000209151079459	0.000209151079459	0.000209151079459	0.000209151079459	0.000209151079459	0.000209151079459	0.000209151079459	0.000209151079459	-3.40282346639e+38	-3.40282346639e+38	
-3.40282346639e+38	0.000209151079465	0.000209151079465	0.000209151079465	0.000209151079465	0.000209151079465	0.000209151079465	0.000209151079465	0.000209151079465	-3.40282346639e+38	-3.40282346639e+38	
-3.40282346639e+38	0.00020915107947	0.00020915107947	0.00020915107947	0.00020915107947	0.00020915107947	0.00020915107947	0.00020915107947	0.00020915107947	-3.40282346639e+38	-3.40282346639e+38	
-3.40282346639e+38	0.000209151079475	0.000209151079475	0.000209151079475	0.000209151079475	0.000209151079475	0.000209151079475	0.000209151079475	0.000209151079475	-3.40282346639e+38	-3.40282346639e+38	
-3.40282346639e+38	0.000209151079479	0.000209151079479	0.000209151079479	0.000209151079479	0.000209151079479	0.000209151079479	0.000209151079479	0.000209151079479	-3.40282346639e+38	-3.40282346639e+38	
-3.40282346639e+38	0.000209151079482	0.000209151079482	0.000209151079482	0.000209151079482	0.000209151079482	0.000209151079482	0.000209151079482	0.000209151079482	-3.40282346639e+38	-3.40282346639e+38	
-3.40282346639e+38	0.000209151079485	0.000209151079485	0.000209151079485	0.000209151079485	0.000209151079485	0.000209151079485	0.000209151079485	0.000209151079485	-3.40282346639e+38	-3.40282346639e+38	
-3.40282346639e+38	0.000209151079488	0.000209151079488	0.000209151079488	0.000209151079488	0.000209151079488	0.000209151079488	0.000209151079488	0.000209151079488	-3.40282346639e+38	-3.40282346639e+38	
-3.40282346639e+38	0.00020915107949	0.00020915107949	0.00020915107949	0.00020915107949	0.00020915107949	0.00020915107949	0.00020915107949	0.00020915107949	-3.40282346639e+38	-3.40282346639e+38	
-3.40282346639e+38	0.000209151079492	0.000209151079492	0.000209151079492	0.000209151079492	0.000209151079492	0.000209151079492	0.000209151079492	0.000209151079492	-3.40282346639e+38	-3.40282346639e+38	
-3.40282346639e+38	0.000209151079494	0.000209151079494	0.000209151079494	0.000209151079494	0.000209151079494	0.000209151079494	0.000209151079494	0.000209151079494	-3.40282346639e+38	-3.40282346639e+38	
-3.40282346639e+38	0.000209151079496	0.000209151079496	0.000209151079496	0.000209151079496	0.000209151079496	0.000209151079496	0.000209151079496	0.000209151079496	-3.40282346639e+38	-3.40282346639e+38	
-3.40282346639e+38	0.000209151079497	0.000209151079497	0.000209151079497	0.000209151079497	0.000209151079497	0.000209151079497	0.000209151079497	0.000209151079497	-3.40282346639e+38	-3.40282346639e+38	
-3.40282346639e+38	0.000209151079498	0.000209151079498	0.000209151079498	0.000209151079498	0.000209151079498	0.000209151079498	0.000209151079498	0.000209151079498	-3.40282346639e+38	-3.40282346639e+38	
-3.40282346639e+38	0.000209151079499	0.000209151079499	0.000209151079499	0.000209151079499	0.000209151079499	0.000209151079499	0.000209151079499	0.000209151079499	-3.40282346639e+38	-3.40282346639e+38	
-3.40282346639e+38	0.0002091510795	0.0002091510795	0.0002091510795	0.0002091510795	0.0002091510795	0.0002091510795	0.0002091510795	0.0002091510795	-3.40282346639e+38	-3.40282346639e+38	
-3.40282346639e+38	0.000209151079501	0.000209151079501	0.000209151079501	0.000209151079501	0.000209151079501	0.000209151079501	0.000209151079501	0.000209151079501	-3.40282346639e+38	-3.40282346639e+38	
-3.40282346639e+38	0.000209151079501	0.000209151079501	0.000209151079501	0.000209151079501	0.000209151079501	0.000209151079501	0.000209151079501	0.000209151079501	-3.40282346639e+38	-3.40282346639e+38	
-3.40282346639e+38	0.000209151079502	0.000209151079502	0.000209151079502	0.000209151079502	0.000209151079502	0.000209151079502	0.000209151079502	0.000209151079502	-3.40282346639e+38	-3.40282346639e+38	
-3.40282346639e+38	0.000209151079503	0.000209151079503	0.000209151079503	0.000209151079503	0.000209151079503	0.000209151079503	0.000209151079503	0.000209151079503	-3.40282346639e+38	-3.40282346639e+38	
-3.40282346639e+38	0.000209151079503	0.000209151079503	0.000209151079503	0.000209151079503	0.000209151079503	0.000209151079503	0.000209151079503	0.000209151079503	-3.40282346639e+38	-3.40282346639e+38	
-3.40282346639e+38	0.000209151079503	0.000209151079503	0.000209151079503	0.000209151079503	0.000209151079503	0.000209151079503	0.000209151079503	0.000209151079503	-3.40282346639e+38	-3.40282346639e+38	
-3.40282346639e+38	0.000209151079504	0.000209151079504	0.000209151079504	0.000209151079504	0.000209151079504	0.000209151079504	0.000209151079504	0.000209151079504	-3.40282346639e+38	-3.40282346639e+38	
-3.40282346639e+38	0.000209151079504	0.000209151079504	0.000209151079504	0.000209151079504	0.000209151079504	0.000209151079504	0.000209151079504	0.000209151079504	-3.40282346639e+38	-3.40282346639e+38	
-3.40282346639e+38	0.000209151079504	0.000209151079504	0.000209151079504	0.000209151079504	0.000209151079504	0.000209151079504	0.000209151079504	0.000209151079504	-3.40282346639e+38	-3.40282346639e+38	
-3.40282346639e+38	0.000209151079505	0.000209151079505	0.000209151079505	0.000209151079505	0.000209151079505	0.000209151079505	0.000209151079505	0.000209151079505	-3.40282346639e+38	-3.40282346639e+38	
-3.40282346639e+38	0.000209151079505	0.000209151079505	0.000209151079505	0.000209151079505	0.000209151079505	0.000209151079505	0.000209151079505	0.000209151079505	-3.40282346639e+38	-3.40282346639e+38	
-3.40282346639e+38	0.000209151079505	0.000209151079505	0.000209151079505	0.000209151079505	0.000209151079505	0.000209151079505	0.000209151079505	0.000209151079505	-3.40282346639e+38	-3.40282346639e+38	
-3.40282346639e+38	0.000209151079505	0.000209151079505	0.000209151079505	0.000209151079505	0.000209151079505	0.000209151079505	0.000209151079505	0.000209151079505	-3.40282346639e+38	-3.40282346639e+38	
-3.40282346639e+38	0.000209151079505	0.000209151079505	0.000209151079505	0.000209151079505	0.000209151079505	0.000209151079505	0.000209151079505	0.000209151079505	-3.40282346639e+38	-3.40282346639e+38	
-3.40282346639e+38	0.000209151079505	0.000209151079505	0.000209151079505	0.000209151079505	0.000209151079505	0.000209151079505	0.000209151079505	0.000209151079505	-3.40282346639e+38	-3.40282346639e+38	
-3.40282346639e+38	0.000209151079506	0.000209151079506	0.000209151079506	0.000209151079506	0.000209151079506	0.000209151079506	0.000209151079506	0.000209151079506	-3.40282346639e+38	-3.40282346639e+38	
-3.40282346639e+38	0.000209151079506	0.000209151079506	0.000209151079506	0.000209151079506	0.000209151079506	0.000209151079506	0.000209151079506	0.000209151079506	-3.40282346639e+38	-3.40282346639e+38	
-3.40282346639e+38	0.000209151079506	0.000209151079506	0.000209151079506	0.000209151079506	0.000209151079506	0.000209151079506	0.000209151079506	0.000209151079506	-3.40282346639e+38	-3.40282346639e+38	
-3.40282346639e+38	0.000209151079506	0.000209151079506	0.000209151079506	0.000209151079506	0.000209151079506	0.000209151079506	0.000209151079506	0.000209151079506	-3.40282346639e+38	-3.40282346639e+38	
-3.40282346639e+38	0.000209151079506	0.000209151079506	0.000209151079506	0.000209151079506	0.000209151079506	0.000209151079506	0.000209151079506	0.000209151079506	-3.40282346639e+38	-3.40282346639e+38	
-3.40282346639e+38	0.000209151079506	0.000209151079506	0.000209151079506	0.000209151079506	0.000209151079506	0.000209151079506	0.000209151079506	0.000209151079506	-3.40282346639e+38	-3.40282346639e+38	
-3.40282346639e+38	0.000209151079506	0.000209151079506	0.000209151079506	0.000209151079506	0.000209151079506	0.000209151079506	0.000209151079506	0.000209151079506	-3.40282346639e+38	-3.40282346639e+38	
-3.40282346639e+38	0.000209151079506	0.000209151079506	0.000209151079506	0.000209151079506	0.000209151079506	0.000209151079506	0.000209151079506	0.000209151079506	-3.40282346639e+38	-3.40282346639e+38	
-3.40282346639e+38	0.000209151079506	0.000209151079506	0.000209151079506	0.000209151079506	0.000209151079506	0.000209151079506	0.000209151079506	0.000209151079506	-3.40282346639e+38	-3.40282346639e+38	
-3.40282346639e+38	0.000209151079506	0.000209151079506	0.000209151079506	0.000209151079506	0.000209151079506	0.000209151079506	0.000209151079506	0.000209151079506	-3.40282346639e+38	-3.40282346639e+38	
-3.40282346639e+38	0.000209151079506	0.000209151079506	0.000209151079506	0.000209151079506	0.000209151079506	0.000209151079506	0.000209151079506	0.000209151079506	-3.40282346639e+38	-3.40282346639e+38	
-3.40282346639e+38	0.000209151079506	0.000209151079506	0.000209151079506	0.000209151079506	0.000209151079506	0.000209151079506	0.000209151079506	0.000209151079506	-3.40282346639e+38	-3.40282346639e+38	
-3.40282346639e+38	-3.40282346639e+38	-3.40282346639e+38	-3.40282346639e+38	-3.40282346639e+38	-3.40282346639e+38	-3.40282346639e+38	-3.40282346639e+38	-3.40282346639e+38	-3.40282346639e+38	-3.40282346639e+38	
