out/0000000014h.asc
ncols 11
nrows 101
xllcorner -0.5
yllcorner -0.5
cellsize 1.0
nodata_value -3.40282346639e+38
-3.40282346639e+38	-3.40282346639e+38	-3.40282346639e+38	-3.40282346639e+38	-3.40282346639e+38	-3.40282346639e+38	-3.40282346639e+38	-3.40282346639e+38	-3.40282346639e+38	-3.40282346639e+38	-3.40282346639e+38	
-3.40282346639e+38	-3.40282346639e+38	-3.40282346639e+38	-3.40282346639e+38	-3.40282346639e+38	-3.40282346639e+38	-3.40282346639e+38	-3.40282346639e+38	-3.40282346639e+38	-3.40282346639e+38	-3.40282346639e+38	
-3.40282346639e+38	0.000134335031902	0.000134335031902	0.000134335031902	0.000134335031902	0.000134335031902	0.000134335031902	0.000134335031902	0.000134335031902	-3.40282346639e+38	-3.40282346639e+38	
-3.40282346639e+38	0.000134480724849	0.000134480724849	0.000134480724849	0.000134480724849	0.000134480724849	0.000134480724849	0.000134480724849	0.000134480724849	-3.40282346639e+38	-3.40282346639e+38	
-3.40282346639e+38	0.000134485670484	0.000134485670484	0.000134485670484	0.000134485670484	0.000134485670484	0.000134485670484	0.000134485670484	0.000134485670484	-3.40282346639e+38	-3.40282346639e+38	
-3.40282346639e+38	0.000134485829156	0.000134485829156	0.000134485829156	0.000134485829156	0.000134485829156	0.000134485829156	0.000134485829156	0.000134485829156	-3.40282346639e+38	-3.40282346639e+38	
-3.40282346639e+38	0.00013448584986	0.00013448584986	0.00013448584986	0.00013448584986	0.00013448584986	0.00013448584986	0.00013448584986	0.00013448584986	-3.40282346639e+38	-3.40282346639e+38	
-3.40282346639e+38	0.00013448586477	0.00013448586477	0.00013448586477	0.00013448586477	0.00013448586477	0.00013448586477	0.00013448586477	0.00013448586477	-3.40282346639e+38	-3.40282346639e+38	
-3.40282346639e+38	0.000134485877463	0.000134485877463	0.000134485877463	0.000134485877463	0.000134485877463	0.000134485877463	0.000134485877463	0.000134485877463	-3.40282346639e+38	-3.40282346639e+38	
-3.40282346639e+38	0.00013448588831	0.00013448588831	0.00013448588831	0.00013448588831	0.00013448588831	0.00013448588831	0.00013448588831	0.00013448588831	-3.40282346639e+38	-3.40282346639e+38	
-3.40282346639e+38	0.000134485897576	0.000134485897576	0.000134485897576	0.000134485897576	0.000134485897576	0.000134485897576	0.000134485897576	0.000134485897576	-3.40282346639e+38	-3.40282346639e+38	
-3.40282346639e+38	0.000134485905485	0.000134485905485	0.000134485905485	0.000134485905485	0.000134485905485	0.000134485905485	0.000134485905485	0.000134485905485	-3.40282346639e+38	-3.40282346639e+38	
-3.40282346639e+38	0.000134485912233	0.000134485912233	0.000134485912233	0.000134485912233	0.000134485912233	0.000134485912233	0.000134485912233	0.000134485912233	-3.40282346639e+38	-3.40282346639e+38	
-3.40282346639e+38	0.000134485917989	0.000134485917989	0.000134485917989	0.000134485917989	0.000134485917989	0.000134485917989	0.000134485917989	0.000134485917989	-3.40282346639e+38	-3.40282346639e+38	
-3.40282346639e+38	0.000134485922898	0.000134485922898	0.000134485922898	0.000134485922898	0.000134485922898	0.000134485922898	0.000134485922898	0.000134485922898	-3.40282346639e+38	-3.40282346639e+38	
-3.40282346639e+38	0.000134485927082	0.000134485927082	0.000134485927082	0.000134485927082	0.000134485927082	0.000134485927082	0.000134485927082	0.000134485927082	-3.40282346639e+38	-3.40282346639e+38	
-3.40282346639e+38	0.00013448593065	0.00013448593065	0.00013448593065	0.00013448593065	0.00013448593065	0.00013448593065	0.00013448593065	0.00013448593065	-3.40282346639e+38	-3.40282346639e+38	
-3.40282346639e+38	0.000134485933692	0.000134485933692	0.000134485933692	0.000134485933692	0.000134485933692	0.000134485933692	0.000134485933692	0.000134485933692	-3.40282346639e+38	-3.40282346639e+38	
-3.40282346639e+38	0.000134485936285	0.000134485936285	0.000134485936285	0.000134485936285	0.000134485936285	0.000134485936285	0.000134485936285	0.000134485936285	-3.40282346639e+38	-3.40282346639e+38	
-3.40282346639e+38	0.000134485938496	0.000134485938496	0.000134485938496	0.000134485938496	0.000134485938496	0.000134485938496	0.000134485938496	0.000134485938496	-3.40282346639e+38	-3.40282346639e+38	
-3.40282346639e+38	0.000134485940382	0.000134485940382	0.000134485940382	0.000134485940382	0.000134485940382	0.000134485940382	0.000134485940382	0.000134485940382	-3.40282346639e+38	-3.40282346639e+38	
-3.40282346639e+38	0.00013448594199	0.00013448594199	0.00013448594199	0.00013448594199	0.00013448594199	0.00013448594199	0.00013448594199	0.00013448594199	-3.40282346639e+38	-3.40282346639e+38	
-3.40282346639e+38	0.000134485943362	0.000134485943362	0.000134485943362	0.000134485943362	0.000134485943362	0.000134485943362	0.000134485943362	0.000134485943362	-3.40282346639e+38	-3.40282346639e+38	
-3.40282346639e+38	0.000134485944533	0.000134485944533	0.000134485944533	0.000134485944533	0.000134485944533	0.000134485944533	0.000134485944533	0.000134485944533	-3.40282346639e+38	-3.40282346639e+38	
-3.40282346639e+38	0.000134485945532	0.000134485945532	0.000134485945532	0.000134485945532	0.000134485945532	0.000134485945532	0.000134485945532	0.000134485945532	-3.40282346639e+38	-3.40282346639e+38	
-3.40282346639e+38	0.000134485946386	0.000134485946386	0.000134485946386	0.000134485946386	0.000134485946386	0.000134485946386	0.000134485946386	0.000134485946386	-3.40282346639e+38	-3.40282346639e+38	
-3.40282346639e+38	0.000134485947115	0.000134485947115	0.000134485947115	0.000134485947115	0.000134485947115	0.000134485947115	0.000134485947115	0.000134485947115	-3.40282346639e+38	-3.40282346639e+38	
-3.40282346639e+38	0.000134485947738	0.000134485947738	0.000134485947738	0.000134485947738	0.000134485947738	0.000134485947738	0.000134485947738	0.000134485947738	-3.40282346639e+38	-3.40282346639e+38	
-3.40282346639e+38	0.00013448594827	0.00013448594827	0.00013448594827	0.00013448594827	0.00013448594827	0.00013448594827	0.00013448594827	0.00013448594827	-3.40282346639e+38	-3.40282346639e+38	
-3.40282346639e+38	0.000134485948725	0.000134485948725	0.000134485948725	0.000134485948725	0.000134485948725	0.000134485948725	0.000134485948725	0.000134485948725	-3.40282346639e+38	-3.40282346639e+38	
-3.40282346639e+38	0.000134485949115	0.000134485949115	0.000134485949115	0.000134485949115	0.000134485949115	0.000134485949115	0.000134485949115	0.000134485949115	-3.40282346639e+38	-3.40282346639e+38	
-3.40282346639e+38	0.000134485949448	0.000134485949448	0.000134485949448	0.000134485949448	0.000134485949448	0.000134485949448	0.000134485949448	0.000134485949448	-3.40282346639e+38	-3.40282346639e+38	
-3.40282346639e+38	0.000134485949733	0.000134485949733	0.000134485949733	0.000134485949733	0.000134485949733	0.000134485949733	0.000134485949733	0.000134485949733	-3.40282346639e+38	-3.40282346639e+38	
-3.40282346639e+38	0.000134485949977	0.000134485949977	0.000134485949977	0.000134485949977	0.000134485949977	0.000134485949977	0.000134485949977	0.000134485949977	-3.40282346639e+38	-3.40282346639e+38	
-3.40282346639e+38	0.000134485950187	0.000134485950187	0.000134485950187	0.000134485950187	0.000134485950187	0.000134485950187	0.000134485950187	0.000134485950187	-3.40282346639e+38	-3.40282346639e+38	
-3.40282346639e+38	0.000134485950366	0.000134485950366	0.000134485950366	0.000134485950366	0.000134485950366	0.000134485950366	0.000134485950366	0.000134485950366	-3.40282346639e+38	-3.40282346639e+38	
-3.40282346639e+38	0.00013448595052	0.00013448595052	0.00013448595052	0.00013448595052	0.00013448595052	0.00013448595052	0.00013448595052	0.00013448595052	-3.40282346639e+38	-3.40282346639e+38	
-3.40282346639e+38	0.000134485950652	0.000134485950652	0.000134485950652	0.000134485950652	0.000134485950652	0.000134485950652	0.000134485950652	0.000134485950652	-3.40282346639e+38	-3.40282346639e+38	
-3.40282346639e+38	0.000134485950765	0.000134485950765	0.000134485950765	0.000134485950765	0.000134485950765	0.000134485950765	0.000134485950765	0.000134485950765	-3.40282346639e+38	-3.40282346639e+38	
-3.40282346639e+38	0.000134485950863	0.000134485950863	0.000134485950863	0.000134485950863	0.000134485950863	0.000134485950863	0.000134485950863	0.000134485950863	-3.40282346639e+38	-3.40282346639e+38	
-3.40282346639e+38	0.000134485950946	0.000134485950946	0.000134485950946	0.000134485950946	0.000134485950946	0.000134485950946	0.000134485950946	0.000134485950946	-3.40282346639e+38	-3.40282346639e+38	
-3.40282346639e+38	0.000134485951018	0.000134485951018	0.000134485951018	0.000134485951018	0.000134485951018	0.000134485951018	0.000134485951018	0.000134485951018	-3.40282346639e+38	-3.40282346639e+38	
-3.40282346639e+38	0.00013448595108	0.00013448595108	0.00013448595108	0.00013448595108	0.00013448595108	0.00013448595108	0.00013448595108	0.00013448595108	-3.40282346639e+38	-3.40282346639e+38	
-3.40282346639e+38	0.000134485951133	0.000134485951133	0.000134485951133	0.000134485951133	0.000134485951133	0.000134485951133	0.000134485951133	0.000134485951133	-3.40282346639e+38	-3.40282346639e+38	
-3.40282346639e+38	0.000134485951179	0.000134485951179	0.000134485951179	0.000134485951179	0.000134485951179	0.000134485951179	0.000134485951179	0.000134485951179	-3.40282346639e+38	-3.40282346639e+38	
-3.40282346639e+38	0.000134485951218	0.000134485951218	0.000134485951218	0.000134485951218	0.000134485951218	0.000134485951218	0.000134485951218	0.000134485951218	-3.40282346639e+38	-3.40282346639e+38	
-3.40282346639e+38	0.000134485951252	0.000134485951252	0.000134485951252	0.000134485951252	0.000134485951252	0.000134485951252	0.000134485951252	0.000134485951252	-3.40282346639e+38	-3.40282346639e+38	
-3.40282346639e+38	0.000134485951282	0.000134485951282	0.000134485951282	0.000134485951282	0.000134485951282	0.000134485951282	0.000134485951282	0.000134485951282	-3.40282346639e+38	-3.40282346639e+38	
-3.40282346639e+38	0.000134485951307	0.000134485951307	0.000134485951307	0.000134485951307	0.000134485951307	0.000134485951307	0.000134485951307	0.000134485951307	-3.40282346639e+38	-3.40282346639e+38	
-3.40282346639e+38	0.000134485951329	0.000134485951329	0.000134485951329	0.000134485951329	0.000134485951329	0.000134485951329	0.000134485951329	0.000134485951329	-3.40282346639e+38	-3.40282346639e+38	
-3.40282346639e+38	0.000134485951348	0.000134485951348	0.000134485951348	0.000134485951348	0.000134485951348	0.000134485951348	0.000134485951348	0.000134485951348	-3.40282346639e+38	-3.40282346639e+38	
-3.40282346639e+38	0.000134485951364	0.000134485951364	0.000134485951364	0.000134485951364	0.000134485951364	0.000134485951364	0.000134485951364	0.000134485951364	-3.40282346639e+38	-3.40282346639e+38	
-3.40282346639e+38	0.000134485951378	0.000134485951378	0.000134485951378	0.000134485951378	0.000134485951378	0.000134485951378	0.000134485951378	0.000134485951378	-3.40282346639e+38	-3.40282346639e+38	
-3.40282346639e+38	0.00013448595139	0.00013448595139	0.00013448595139	0.00013448595139	0.00013448595139	0.00013448595139	0.00013448595139	0.00013448595139	-3.40282346639e+38	-3.40282346639e+38	
-3.40282346639e+38	0.000134485951401	0.000134485951401	0.000134485951401	0.000134485951401	0.000134485951401	0.000134485951401	0.000134485951401	0.000134485951401	-3.40282346639e+38	-3.40282346639e+38	
-3.40282346639e+38	0.00013448595141	0.00013448595141	0.00013448595141	0.00013448595141	0.00013448595141	0.00013448595141	0.00013448595141	0.00013448595141	-3.40282346639e+38	-3.40282346639e+38	
-3.40282346639e+38	0.000134485951418	0.000134485951418	0.000134485951418	0.000134485951418	0.000134485951418	0.000134485951418	0.000134485951418	0.000134485951418	-3.40282346639e+38	-3.40282346639e+38	
-3.40282346639e+38	0.000134485951425	0.000134485951425	0.000134485951425	0.000134485951425	0.000134485951425	0.000134485951425	0.000134485951425	0.000134485951425	-3.40282346639e+38	-3.40282346639e+38	
-3.40282346639e+38	0.000134485951431	0.000134485951431	0.000134485951431	0.000134485951431	0.000134485951431	0.000134485951431	0.000134485951431	0.000134485951431	-3.40282346639e+38	-3.40282346639e+38	
-3.40282346639e+38	0.000134485951436	0.000134485951436	0.000134485951436	0.000134485951436	0.000134485951436	0.000134485951436	0.000134485951436	0.000134485951436	-3.40282346639e+38	-3.40282346639e+38	
-3.40282346639e+38	0.00013448595144	0.00013448595144	0.00013448595144	0.00013448595144	0.00013448595144	0.00013448595144	0.00013448595144	0.00013448595144	-3.40282346639e+38	-3.40282346639e+38	
-3.40282346639e+38	0.000134485951444	0.000134485951444	0.000134485951444	0.000134485951444	0.000134485951444	0.000134485951444	0.000134485951444	0.000134485951444	-3.40282346639e+38	-3.40282346639e+38	
-3.40282346639e+38	0.000134485951448	0.000134485951448	0.000134485951448	0.000134485951448	0.000134485951448	0.000134485951448	0.000134485951448	0.000134485951448	-3.40282346639e+38	-3.40282346639e+38	
-3.40282346639e+38	0.000134485951451	0.000134485951451	0.000134485951451	0.000134485951451	0.000134485951451	0.000134485951451	0.000134485951451	0.000134485951451	-3.40282346639e+38	-3.40282346639e+38	
-3.40282346639e+38	0.000134485951453	0.000134485951453	0.000134485951453	0.000134485951453	0.000134485951453	0.000134485951453	0.000134485951453	0.000134485951453	-3.40282346639e+38	-3.40282346639e+38	
-3.40282346639e+38	0.000134485951455	0.000134485951455	0.000134485951455	0.000134485951455	0.000134485951455	0.000134485951455	0.000134485951455	0.000134485951455	-3.40282346639e+38	-3.40282346639e+38	
-3.40282346639e+38	0.000134485951457	0.000134485951457	0.000134485951457	0.000134485951457	0.000134485951457	0.000134485951457	0.000134485951457	0.000134485951457	-3.40282346639e+38	-3.40282346639e+38	
-3.40282346639e+38	0.000134485951459	0.000134485951459	0.000134485951459	0.000134485951459	0.000134485951459	0.000134485951459	0.000134485951459	0.000134485951459	-3.40282346639e+38	-3.40282346639e+38	
-3.40282346639e+38	0.000134485951461	0.000134485951461	0.000134485951461	0.000134485951461	0.000134485951461	0.000134485951461	0.000134485951461	0.000134485951461	-3.40282346639e+38	-3.40282346639e+38	
-3.40282346639e+38	0.000134485951462	0.000134485951462	0.000134485951462	0.000134485951462	0.000134485951462	0.000134485951462	0.000134485951462	0.000134485951462	-3.40282346639e+38	-3.40282346639e+38	
-3.40282346639e+38	0.000134485951463	0.000134485951463	0.000134485951463	0.000134485951463	0.000134485951463	0.000134485951463	0.000134485951463	0.000134485951463	-3.40282346639e+38	-3.40282346639e+38	
-3.40282346639e+38	0.000134485951464	0.000134485951464	0.000134485951464	0.000134485951464	0.000134485951464	0.000134485951464	0.000134485951464	0.000134485951464	-3.40282346639e+38	-3.40282346639e+38	
-3.40282346639e+38	0.000134485951465	0.000134485951465	0.000134485951465	0.000134485951465	0.000134485951465	0.000134485951465	0.000134485951465	0.000134485951465	-3.40282346639e+38	-3.40282346639e+38	
-3.40282346639e+38	0.000134485951466	0.000134485951466	0.000134485951466	0.000134485951466	0.000134485951466	0.000134485951466	0.000134485951466	0.000134485951466	-3.40282346639e+38	-3.40282346639e+38	
-3.40282346639e+38	0.000134485951466	0.000134485951466	0.000134485951466	0.000134485951466	0.000134485951466	0.000134485951466	0.000134485951466	0.000134485951466	-3.40282346639e+38	-3.40282346639e+38	
-3.40282346639e+38	0.000134485951467	0.000134485951467	0.000134485951467	0.000134485951467	0.000134485951467	0.000134485951467	0.000134485951467	0.000134485951467	-3.40282346639e+38	-3.40282346639e+38	
-3.40282346639e+38	0.000134485951467	0.000134485951467	0.000134485951467	0.000134485951467	0.000134485951467	0.000134485951467	0.000134485951467	0.000134485951467	-3.40282346639e+38	-3.40282346639e+38	
-3.40282346639e+38	0.000134485951468	0.000134485951468	0.000134485951468	0.000134485951468	0.000134485951468	0.000134485951468	0.000134485951468	0.000134485951468	-3.40282346639e+38	-3.40282346639e+38	
-3.40282346639e+38	0.000134485951468	0.000134485951468	0.000134485951468	0.000134485951468	0.000134485951468	0.000134485951468	0.000134485951468	0.000134485951468	-3.40282346639e+38	-3.40282346639e+38	
-3.40282346639e+38	0.000134485951469	0.000134485951469	0.000134485951469	0.000134485951469	0.000134485951469	0.000134485951469	0.000134485951469	0.000134485951469	-3.40282346639e+38	-3.40282346639e+38	
-3.40282346639e+38	0.000134485951469	0.000134485951469	0.000134485951469	0.000134485951469	0.000134485951469	0.000134485951469	0.000134485951469	0.000134485951469	-3.40282346639e+38	-3.40282346639e+38	
-3.40282346639e+38	0.000134485951469	0.000134485951469	0.000134485951469	0.000134485951469	0.000134485951469	0.000134485951469	0.000134485951469	0.000134485951469	-3.40282346639e+38	-3.40282346639e+38	
-3.40282346639e+38	0.000134485951469	0.000134485951469	0.000134485951469	0.000134485951469	0.000134485951469	0.000134485951469	0.000134485951469	0.000134485951469	-3.40282346639e+38	-3.40282346639e+38	
-3.40282346639e+38	0.00013448595147	0.00013448595147	0.00013448595147	0.00013448595147	0.00013448595147	0.00013448595147	0.00013448595147	0.00013448595147	-3.40282346639e+38	-3.40282346639e+38	
-3.40282346639e+38	0.00013448595147	0.00013448595147	0.00013448595147	0.00013448595147	0.00013448595147	0.00013448595147	0.00013448595147	0.00013448595147	-3.40282346639e+38	-3.40282346639e+38	
-3.40282346639e+38	0.00013448595147	0.00013448595147	0.00013448595147	0.00013448595147	0.00013448595147	0.00013448595147	0.00013448595147	0.00013448595147	-3.40282346639e+38	-3.40282346639e+38	
-3.40282346639e+38	0.00013448595147	0.00013448595147	0.00013448595147	0.00013448595147	0.00013448595147	0.00013448595147	0.00013448595147	0.00013448595147	-3.40282346639e+38	-3.40282346639e+38	
-3.40282346639e+38	0.00013448595147	0.00013448595147	0.00013448595147	0.00013448595147	0.00013448595147	0.00013448595147	0.00013448595147	0.00013448595147	-3.40282346639e+38	-3.40282346639e+38	
-3.40282346639e+38	0.00013448595147	0.00013448595147	0.00013448595147	0.00013448595147	0.00013448595147	0.00013448595147	0.00013448595147	0.00013448595147	-3.40282346639e+38	-3.40282346639e+38	
-3.40282346639e+38	0.00013448595147	0.00013448595147	0.00013448595147	0.00013448595147	0.00013448595147	0.00013448595147	0.00013448595147	0.00013448595147	-3.40282346639e+38	-3.40282346639e+38	
-3.40282346639e+38	0.000134485951471	0.000134485951471	0.000134485951471	0.000134485951471	0.000134485951471	0.000134485951471	0.000134485951471	0.000134485951471	-3.40282346639e+38	-3.40282346639e+38	
-3.40282346639e+38	0.000134485951471	0.000134485951471	0.000134485951471	0.000134485951471	0.000134485951471	0.000134485951471	0.000134485951471	0.000134485951471	-3.40282346639e+38	-3.40282346639e+38	
-3.40282346639e+38	0.000134485951471	0.000134485951471	0.000134485951471	0.000134485951471	0.000134485951471	0.000134485951471	0.000134485951471	0.000134485951471	-3.40282346639e+38	-3.40282346639e+38	
-3.40282346639e+38	0.000134485951471	0.000134485951471	0.000134485951471	0.000134485951471	0.000134485951471	0.000134485951471	0.000134485951471	0.000134485951471	-3.40282346639e+38	-3.40282346639e+38	
-3.40282346639e+38	0.000134485951471	0.000134485951471	0.000134485951471	0.000134485951471	0.000134485951471	0.000134485951471	0.000134485951471	0.000134485951471	-3.40282346639e+38	-3.40282346639e+38	
-3.40282346639e+38	0.000134485951471	0.000134485951471	0.000134485951471	0.000134485951471	0.000134485951471	0.000134485951471	0.000134485951471	0.000134485951471	-3.40282346639e+38	-3.40282346639e+38	
-3.40282346639e+38	0.000134485951471	0.000134485951471	0.000134485951471	0.000134485951471	0.000134485951471	0.000134485951471	0.000134485951471	0.000134485951471	-3.40282346639e+38	-3.40282346639e+38	
-3.40282346639e+38	0.000134485951471	0.000134485951471	0.000134485951471	0.000134485951471	0.000134485951471	0.000134485951471	0.000134485951471	0.000134485951471	-3.40282346639e+38	-3.40282346639e+38	
-3.40282346639e+38	0.000134485951471	0.000134485951471	0.000134485951471	0.000134485951471	0.000134485951471	0.000134485951471	0.000134485951471	0.000134485951471	-3.40282346639e+38	-3.40282346639e+38	
-3.40282346639e+38	0.000134485951471	0.000134485951471	0.000134485951471	0.000134485951471	0.000134485951471	0.000134485951471	0.000134485951471	0.000134485951471	-3.40282346639e+38	-3.40282346639e+38	
-3.40282346639e+38	-3.40282346639e+38	-3.40282346639e+38	-3.40282346639e+38	-3.40282346639e+38	-3.40282346639e+38	-3.40282346639e+38	-3.40282346639e+38	-3.40282346639e+38	-3.40282346639e+38	-3.40282346639e+38	
