out/0000000038h.asc
ncols 11
nrows 101
xllcorner -0.5
yllcorner -0.5
cellsize 1.0
nodata_value -3.40282346639e+38
-3.40282346639e+38	-3.40282346639e+38	-3.40282346639e+38	-3.40282346639e+38	-3.40282346639e+38	-3.40282346639e+38	-3.40282346639e+38	-3.40282346639e+38	-3.40282346639e+38	-3.40282346639e+38	-3.40282346639e+38	
-3.40282346639e+38	-3.40282346639e+38	-3.40282346639e+38	-3.40282346639e+38	-3.40282346639e+38	-3.40282346639e+38	-3.40282346639e+38	-3.40282346639e+38	-3.40282346639e+38	-3.40282346639e+38	-3.40282346639e+38	
-3.40282346639e+38	0.000386734640256	0.000386734640256	0.000386734640256	0.000386734640256	0.000386734640256	0.000386734640256	0.000386734640256	0.000386734640256	-3.40282346639e+38	-3.40282346639e+38	
-3.40282346639e+38	0.000395617743403	0.000395617743403	0.000395617743403	0.000395617743403	0.000395617743403	0.000395617743403	0.000395617743403	0.000395617743403	-3.40282346639e+38	-3.40282346639e+38	
-3.40282346639e+38	0.000397132303524	0.000397132303524	0.000397132303524	0.000397132303524	0.000397132303524	0.000397132303524	0.000397132303524	0.000397132303524	-3.40282346639e+38	-3.40282346639e+38	
-3.40282346639e+38	0.000397344656277	0.000397344656277	0.000397344656277	0.000397344656277	0.000397344656277	0.000397344656277	0.000397344656277	0.000397344656277	-3.40282346639e+38	-3.40282346639e+38	
-3.40282346639e+38	0.000397370012915	0.000397370012915	0.000397370012915	0.000397370012915	0.000397370012915	0.000397370012915	0.000397370012915	0.000397370012915	-3.40282346639e+38	-3.40282346639e+38	
-3.40282346639e+38	0.000397372676003	0.000397372676003	0.000397372676003	0.000397372676003	0.000397372676003	0.000397372676003	0.000397372676003	0.000397372676003	-3.40282346639e+38	-3.40282346639e+38	
-3.40282346639e+38	0.000397372937038	0.000397372937038	0.000397372937038	0.000397372937038	0.000397372937038	0.000397372937038	0.000397372937038	0.000397372937038	-3.40282346639e+38	-3.40282346639e+38	
-3.40282346639e+38	0.00039737296982	0.00039737296982	0.00039737296982	0.00039737296982	0.00039737296982	0.00039737296982	0.00039737296982	0.00039737296982	-3.40282346639e+38	-3.40282346639e+38	
-3.40282346639e+38	0.000397372981544	0.000397372981544	0.000397372981544	0.000397372981544	0.000397372981544	0.000397372981544	0.000397372981544	0.000397372981544	-3.40282346639e+38	-3.40282346639e+38	
-3.40282346639e+38	0.000397372990278	0.000397372990278	0.000397372990278	0.000397372990278	0.000397372990278	0.000397372990278	0.000397372990278	0.000397372990278	-3.40282346639e+38	-3.40282346639e+38	
-3.40282346639e+38	0.000397372997641	0.000397372997641	0.000397372997641	0.000397372997641	0.000397372997641	0.000397372997641	0.000397372997641	0.000397372997641	-3.40282346639e+38	-3.40282346639e+38	
-3.40282346639e+38	0.000397373003917	0.000397373003917	0.000397373003917	0.000397373003917	0.000397373003917	0.000397373003917	0.000397373003917	0.000397373003917	-3.40282346639e+38	-3.40282346639e+38	
-3.40282346639e+38	0.000397373009271	0.000397373009271	0.000397373009271	0.000397373009271	0.000397373009271	0.000397373009271	0.000397373009271	0.000397373009271	-3.40282346639e+38	-3.40282346639e+38	
-3.40282346639e+38	0.000397373013837	0.000397373013837	0.000397373013837	0.000397373013837	0.000397373013837	0.000397373013837	0.000397373013837	0.000397373013837	-3.40282346639e+38	-3.40282346639e+38	
-3.40282346639e+38	0.000397373017731	0.000397373017731	0.000397373017731	0.000397373017731	0.000397373017731	0.000397373017731	0.000397373017731	0.000397373017731	-3.40282346639e+38	-3.40282346639e+38	
-3.40282346639e+38	0.000397373021052	0.000397373021052	0.000397373021052	0.000397373021052	0.000397373021052	0.000397373021052	0.000397373021052	0.000397373021052	-3.40282346639e+38	-3.40282346639e+38	
-3.40282346639e+38	0.000397373023883	0.000397373023883	0.000397373023883	0.000397373023883	0.000397373023883	0.000397373023883	0.000397373023883	0.000397373023883	-3.40282346639e+38	-3.40282346639e+38	
-3.40282346639e+38	0.000397373026298	0.000397373026298	0.000397373026298	0.000397373026298	0.000397373026298	0.000397373026298	0.000397373026298	0.000397373026298	-3.40282346639e+38	-3.40282346639e+38	
-3.40282346639e+38	0.000397373028358	0.000397373028358	0.000397373028358	0.000397373028358	0.000397373028358	0.000397373028358	0.000397373028358	0.000397373028358	-3.40282346639e+38	-3.40282346639e+38	
-3.40282346639e+38	0.000397373030115	0.000397373030115	0.000397373030115	0.000397373030115	0.000397373030115	0.000397373030115	0.000397373030115	0.000397373030115	-3.40282346639e+38	-3.40282346639e+38	
-3.40282346639e+38	0.000397373031614	0.000397373031614	0.000397373031614	0.000397373031614	0.000397373031614	0.000397373031614	0.000397373031614	0.000397373031614	-3.40282346639e+38	-3.40282346639e+38	
-3.40282346639e+38	0.000397373032894	0.000397373032894	0.000397373032894	0.000397373032894	0.000397373032894	0.000397373032894	0.000397373032894	0.000397373032894	-3.40282346639e+38	-3.40282346639e+38	
-3.40282346639e+38	0.000397373033986	0.000397373033986	0.000397373033986	0.000397373033986	0.000397373033986	0.000397373033986	0.000397373033986	0.000397373033986	-3.40282346639e+38	-3.40282346639e+38	
-3.40282346639e+38	0.000397373034919	0.000397373034919	0.000397373034919	0.000397373034919	0.000397373034919	0.000397373034919	0.000397373034919	0.000397373034919	-3.40282346639e+38	-3.40282346639e+38	
-3.40282346639e+38	0.000397373035715	0.000397373035715	0.000397373035715	0.000397373035715	0.000397373035715	0.000397373035715	0.000397373035715	0.000397373035715	-3.40282346639e+38	-3.40282346639e+38	
-3.40282346639e+38	0.000397373036396	0.000397373036396	0.000397373036396	0.000397373036396	0.000397373036396	0.000397373036396	0.000397373036396	0.000397373036396	-3.40282346639e+38	-3.40282346639e+38	
-3.40282346639e+38	0.000397373036978	0.000397373036978	0.000397373036978	0.000397373036978	0.000397373036978	0.000397373036978	0.000397373036978	0.000397373036978	-3.40282346639e+38	-3.40282346639e+38	
-3.40282346639e+38	0.000397373037476	0.000397373037476	0.000397373037476	0.000397373037476	0.000397373037476	0.000397373037476	0.000397373037476	0.000397373037476	-3.40282346639e+38	-3.40282346639e+38	
-3.40282346639e+38	0.000397373037901	0.000397373037901	0.000397373037901	0.000397373037901	0.000397373037901	0.000397373037901	0.000397373037901	0.000397373037901	-3.40282346639e+38	-3.40282346639e+38	
-3.40282346639e+38	0.000397373038265	0.000397373038265	0.000397373038265	0.000397373038265	0.000397373038265	0.000397373038265	0.000397373038265	0.000397373038265	-3.40282346639e+38	-3.40282346639e+38	
-3.40282346639e+38	0.000397373038577	0.000397373038577	0.000397373038577	0.000397373038577	0.000397373038577	0.000397373038577	0.000397373038577	0.000397373038577	-3.40282346639e+38	-3.40282346639e+38	
-3.40282346639e+38	0.000397373038844	0.000397373038844	0.000397373038844	0.000397373038844	0.000397373038844	0.000397373038844	0.000397373038844	0.000397373038844	-3.40282346639e+38	-3.40282346639e+38	
-3.40282346639e+38	0.000397373039073	0.000397373039073	0.000397373039073	0.000397373039073	0.000397373039073	0.000397373039073	0.000397373039073	0.000397373039073	-3.40282346639e+38	-3.40282346639e+38	
-3.40282346639e+38	0.000397373039269	0.000397373039269	0.000397373039269	0.000397373039269	0.000397373039269	0.000397373039269	0.000397373039269	0.000397373039269	-3.40282346639e+38	-3.40282346639e+38	
-3.40282346639e+38	0.000397373039438	0.000397373039438	0.000397373039438	0.000397373039438	0.000397373039438	0.000397373039438	0.000397373039438	0.000397373039438	-3.40282346639e+38	-3.40282346639e+38	
-3.40282346639e+38	0.000397373039582	0.000397373039582	0.000397373039582	0.000397373039582	0.000397373039582	0.000397373039582	0.000397373039582	0.000397373039582	-3.40282346639e+38	-3.40282346639e+38	
-3.40282346639e+38	0.000397373039706	0.000397373039706	0.000397373039706	0.000397373039706	0.000397373039706	0.000397373039706	0.000397373039706	0.000397373039706	-3.40282346639e+38	-3.40282346639e+38	
-3.40282346639e+38	0.000397373039812	0.000397373039812	0.000397373039812	0.000397373039812	0.000397373039812	0.000397373039812	0.000397373039812	0.000397373039812	-3.40282346639e+38	-3.40282346639e+38	
-3.40282346639e+38	0.000397373039904	0.000397373039904	0.000397373039904	0.000397373039904	0.000397373039904	0.000397373039904	0.000397373039904	0.000397373039904	-3.40282346639e+38	-3.40282346639e+38	
-3.40282346639e+38	0.000397373039982	0.000397373039982	0.000397373039982	0.000397373039982	0.000397373039982	0.000397373039982	0.000397373039982	0.000397373039982	-3.40282346639e+38	-3.40282346639e+38	
-3.40282346639e+38	0.00039737304005	0.00039737304005	0.00039737304005	0.00039737304005	0.00039737304005	0.00039737304005	0.00039737304005	0.00039737304005	-3.40282346639e+38	-3.40282346639e+38	
-3.40282346639e+38	0.000397373040108	0.000397373040108	0.000397373040108	0.000397373040108	0.000397373040108	0.000397373040108	0.000397373040108	0.000397373040108	-3.40282346639e+38	-3.40282346639e+38	
-3.40282346639e+38	0.000397373040158	0.000397373040158	0.000397373040158	0.000397373040158	0.000397373040158	0.000397373040158	0.000397373040158	0.000397373040158	-3.40282346639e+38	-3.40282346639e+38	
-3.40282346639e+38	0.000397373040201	0.000397373040201	0.000397373040201	0.000397373040201	0.000397373040201	0.000397373040201	0.000397373040201	0.000397373040201	-3.40282346639e+38	-3.40282346639e+38	
-3.40282346639e+38	0.000397373040239	0.000397373040239	0.000397373040239	0.000397373040239	0.000397373040239	0.000397373040239	0.000397373040239	0.000397373040239	-3.40282346639e+38	-3.40282346639e+38	
-3.40282346639e+38	0.000397373040271	0.000397373040271	0.000397373040271	0.000397373040271	0.000397373040271	0.000397373040271	0.000397373040271	0.000397373040271	-3.40282346639e+38	-3.40282346639e+38	
-3.40282346639e+38	0.000397373040298	0.000397373040298	0.000397373040298	0.000397373040298	0.000397373040298	0.000397373040298	0.000397373040298	0.000397373040298	-3.40282346639e+38	-3.40282346639e+38	
-3.40282346639e+38	0.000397373040322	0.000397373040322	0.000397373040322	0.000397373040322	0.000397373040322	0.000397373040322	0.000397373040322	0.000397373040322	-3.40282346639e+38	-3.40282346639e+38	
-3.40282346639e+38	0.000397373040343	0.000397373040343	0.000397373040343	0.000397373040343	0.000397373040343	0.000397373040343	0.000397373040343	0.000397373040343	-3.40282346639e+38	-3.40282346639e+38	
-3.40282346639e+38	0.000397373040361	0.000397373040361	0.000397373040361	0.000397373040361	0.000397373040361	0.000397373040361	0.000397373040361	0.000397373040361	-3.40282346639e+38	-3.40282346639e+38	
-3.40282346639e+38	0.000397373040376	0.000397373040376	0.000397373040376	0.000397373040376	0.000397373040376	0.000397373040376	0.000397373040376	0.000397373040376	-3.40282346639e+38	-3.40282346639e+38	
-3.40282346639e+38	0.000397373040389	0.000397373040389	0.000397373040389	0.000397373040389	0.000397373040389	0.000397373040389	0.000397373040389	0.000397373040389	-3.40282346639e+38	-3.40282346639e+38	
-3.40282346639e+38	0.000397373040401	0.000397373040401	0.000397373040401	0.000397373040401	0.000397373040401	0.000397373040401	0.000397373040401	0.000397373040401	-3.40282346639e+38	-3.40282346639e+38	
-3.40282346639e+38	0.000397373040411	0.000397373040411	0.000397373040411	0.000397373040411	0.000397373040411	0.000397373040411	0.000397373040411	0.000397373040411	-3.40282346639e+38	-3.40282346639e+38	
-3.40282346639e+38	0.000397373040419	0.000397373040419	0.000397373040419	0.000397373040419	0.000397373040419	0.000397373040419	0.000397373040419	0.000397373040419	-3.40282346639e+38	-3.40282346639e+38	
-3.40282346639e+38	0.000397373040427	0.000397373040427	0.000397373040427	0.000397373040427	0.000397373040427	0.000397373040427	0.000397373040427	0.000397373040427	-3.40282346639e+38	-3.40282346639e+38	
-3.40282346639e+38	0.000397373040433	0.000397373040433	0.000397373040433	0.000397373040433	0.000397373040433	0.000397373040433	0.000397373040433	0.000397373040433	-3.40282346639e+38	-3.40282346639e+38	
-3.40282346639e+38	0.000397373040439	0.000397373040439	0.000397373040439	0.000397373040439	0.000397373040439	0.000397373040439	0.000397373040439	0.000397373040439	-3.40282346639e+38	-3.40282346639e+38	
-3.40282346639e+38	0.000397373040444	0.000397373040444	0.000397373040444	0.000397373040444	0.000397373040444	0.000397373040444	0.000397373040444	0.000397373040444	-3.40282346639e+38	-3.40282346639e+38	
-3.40282346639e+38	0.000397373040448	0.000397373040448	0.000397373040448	0.000397373040448	0.000397373040448	0.000397373040448	0.000397373040448	0.000397373040448	-3.40282346639e+38	-3.40282346639e+38	
-3.40282346639e+38	0.000397373040452	0.000397373040452	0.000397373040452	0.000397373040452	0.000397373040452	0.000397373040452	0.000397373040452	0.000397373040452	-3.40282346639e+38	-3.40282346639e+38	
-3.40282346639e+38	0.000397373040455	0.000397373040455	0.000397373040455	0.000397373040455	0.000397373040455	0.000397373040455	0.000397373040455	0.000397373040455	-3.40282346639e+38	-3.40282346639e+38	
-3.40282346639e+38	0.000397373040458	0.000397373040458	0.000397373040458	0.000397373040458	0.000397373040458	0.000397373040458	0.000397373040458	0.000397373040458	-3.40282346639e+38	-3.40282346639e+38	
-3.40282346639e+38	0.00039737304046	0.00039737304046	0.00039737304046	0.00039737304046	0.00039737304046	0.00039737304046	0.00039737304046	0.00039737304046	-3.40282346639e+38	-3.40282346639e+38	
-3.40282346639e+38	0.000397373040463	0.000397373040463	0.000397373040463	0.000397373040463	0.000397373040463	0.000397373040463	0.000397373040463	0.000397373040463	-3.40282346639e+38	-3.40282346639e+38	
-3.40282346639e+38	0.000397373040464	0.000397373040464	0.000397373040464	0.000397373040464	0.000397373040464	0.000397373040464	0.000397373040464	0.000397373040464	-3.40282346639e+38	-3.40282346639e+38	
-3.40282346639e+38	0.000397373040466	0.000397373040466	0.000397373040466	0.000397373040466	0.000397373040466	0.000397373040466	0.000397373040466	0.000397373040466	-3.40282346639e+38	-3.40282346639e+38	
-3.40282346639e+38	0.000397373040467	0.000397373040467	0.000397373040467	0.000397373040467	0.000397373040467	0.000397373040467	0.000397373040467	0.000397373040467	-3.40282346639e+38	-3.40282346639e+38	
-3.40282346639e+38	0.000397373040469	0.000397373040469	0.000397373040469	0.000397373040469	0.000397373040469	0.000397373040469	0.000397373040469	0.000397373040469	-3.40282346639e+38	-3.40282346639e+38	
-3.40282346639e+38	0.00039737304047	0.00039737304047	0.00039737304047	0.00039737304047	0.00039737304047	0.00039737304047	0.00039737304047	0.00039737304047	-3.40282346639e+38	-3.40282346639e+38	
-3.40282346639e+38	0.000397373040471	0.000397373040471	0.000397373040471	0.000397373040471	0.000397373040471	0.000397373040471	0.000397373040471	0.000397373040471	-3.40282346639e+38	-3.40282346639e+38	
-3.40282346639e+38	0.000397373040472	0.000397373040472	0.000397373040472	0.000397373040472	0.000397373040472	0.000397373040472	0.000397373040472	0.000397373040472	-3.40282346639e+38	-3.40282346639e+38	
-3.40282346639e+38	0.000397373040472	0.000397373040472	0.000397373040472	0.000397373040472	0.000397373040472	0.000397373040472	0.000397373040472	0.000397373040472	-3.40282346639e+38	-3.40282346639e+38	
-3.40282346639e+38	0.000397373040473	0.000397373040473	0.000397373040473	0.000397373040473	0.000397373040473	0.000397373040473	0.000397373040473	0.000397373040473	-3.40282346639e+38	-3.40282346639e+38	
-3.40282346639e+38	0.000397373040474	0.000397373040474	0.000397373040474	0.000397373040474	0.000397373040474	0.000397373040474	0.000397373040474	0.000397373040474	-3.40282346639e+38	-3.40282346639e+38	
-3.40282346639e+38	0.000397373040474	0.000397373040474	0.000397373040474	0.000397373040474	0.000397373040474	0.000397373040474	0.000397373040474	0.000397373040474	-3.40282346639e+38	-3.40282346639e+38	
-3.40282346639e+38	0.000397373040474	0.000397373040474	0.000397373040474	0.000397373040474	0.000397373040474	0.000397373040474	0.000397373040474	0.000397373040474	-3.40282346639e+38	-3.40282346639e+38	
-3.40282346639e+38	0.000397373040475	0.000397373040475	0.000397373040475	0.000397373040475	0.000397373040475	0.000397373040475	0.000397373040475	0.000397373040475	-3.40282346639e+38	-3.40282346639e+38	
-3.40282346639e+38	0.000397373040475	0.000397373040475	0.000397373040475	0.000397373040475	0.000397373040475	0.000397373040475	0.000397373040475	0.000397373040475	-3.40282346639e+38	-3.40282346639e+38	
-3.40282346639e+38	0.000397373040475	0.000397373040475	0.000397373040475	0.000397373040475	0.000397373040475	0.000397373040475	0.000397373040475	0.000397373040475	-3.40282346639e+38	-3.40282346639e+38	
-3.40282346639e+38	0.000397373040476	0.000397373040476	0.000397373040476	0.000397373040476	0.000397373040476	0.000397373040476	0.000397373040476	0.000397373040476	-3.40282346639e+38	-3.40282346639e+38	
-3.40282346639e+38	0.000397373040476	0.000397373040476	0.000397373040476	0.000397373040476	0.000397373040476	0.000397373040476	0.000397373040476	0.000397373040476	-3.40282346639e+38	-3.40282346639e+38	
-3.40282346639e+38	0.000397373040476	0.000397373040476	0.000397373040476	0.000397373040476	0.000397373040476	0.000397373040476	0.000397373040476	0.000397373040476	-3.40282346639e+38	-3.40282346639e+38	
-3.40282346639e+38	0.000397373040476	0.000397373040476	0.000397373040476	0.000397373040476	0.000397373040476	0.000397373040476	0.000397373040476	0.000397373040476	-3.40282346639e+38	-3.40282346639e+38	
-3.40282346639e+38	0.000397373040477	0.000397373040477	0.000397373040477	0.000397373040477	0.000397373040477	0.000397373040477	0.000397373040477	0.000397373040477	-3.40282346639e+38	-3.40282346639e+38	
-3.40282346639e+38	0.000397373040477	0.000397373040477	0.000397373040477	0.000397373040477	0.000397373040477	0.000397373040477	0.000397373040477	0.000397373040477	-3.40282346639e+38	-3.40282346639e+38	
-3.40282346639e+38	0.000397373040477	0.000397373040477	0.000397373040477	0.000397373040477	0.000397373040477	0.000397373040477	0.000397373040477	0.000397373040477	-3.40282346639e+38	-3.40282346639e+38	
-3.40282346639e+38	0.000397373040477	0.000397373040477	0.000397373040477	0.000397373040477	0.000397373040477	0.000397373040477	0.000397373040477	0.000397373040477	-3.40282346639e+38	-3.40282346639e+38	
-3.40282346639e+38	0.000397373040477	0.000397373040477	0.000397373040477	0.000397373040477	0.000397373040477	0.000397373040477	0.000397373040477	0.000397373040477	-3.40282346639e+38	-3.40282346639e+38	
-3.40282346639e+38	0.000397373040477	0.000397373040477	0.000397373040477	0.000397373040477	0.000397373040477	0.000397373040477	0.000397373040477	0.000397373040477	-3.40282346639e+38	-3.40282346639e+38	
-3.40282346639e+38	0.000397373040477	0.000397373040477	0.000397373040477	0.000397373040477	0.000397373040477	0.000397373040477	0.000397373040477	0.000397373040477	-3.40282346639e+38	-3.40282346639e+38	
-3.40282346639e+38	0.000397373040477	0.000397373040477	0.000397373040477	0.000397373040477	0.000397373040477	0.000397373040477	0.000397373040477	0.000397373040477	-3.40282346639e+38	-3.40282346639e+38	
-3.40282346639e+38	0.000397373040477	0.000397373040477	0.000397373040477	0.000397373040477	0.000397373040477	0.000397373040477	0.000397373040477	0.000397373040477	-3.40282346639e+38	-3.40282346639e+38	
-3.40282346639e+38	0.000397373040477	0.000397373040477	0.000397373040477	0.000397373040477	0.000397373040477	0.000397373040477	0.000397373040477	0.000397373040477	-3.40282346639e+38	-3.40282346639e+38	
-3.40282346639e+38	0.000397373040477	0.000397373040477	0.000397373040477	0.000397373040477	0.000397373040477	0.000397373040477	0.000397373040477	0.000397373040477	-3.40282346639e+38	-3.40282346639e+38	
-3.40282346639e+38	0.000397373040477	0.000397373040477	0.000397373040477	0.000397373040477	0.000397373040477	0.000397373040477	0.000397373040477	0.000397373040477	-3.40282346639e+38	-3.40282346639e+38	
-3.40282346639e+38	0.000397373040477	0.000397373040477	0.000397373040477	0.000397373040477	0.000397373040477	0.000397373040477	0.000397373040477	0.000397373040477	-3.40282346639e+38	-3.40282346639e+38	
-3.40282346639e+38	0.000397373040477	0.000397373040477	0.000397373040477	0.000397373040477	0.000397373040477	0.000397373040477	0.000397373040477	0.000397373040477	-3.40282346639e+38	-3.40282346639e+38	
-3.40282346639e+38	-3.40282346639e+38	-3.40282346639e+38	-3.40282346639e+38	-3.40282346639e+38	-3.40282346639e+38	-3.40282346639e+38	-3.40282346639e+38	-3.40282346639e+38	-3.40282346639e+38	-3.40282346639e+38	
