out/0000000018h.asc
ncols 11
nrows 101
xllcorner -0.5
yllcorner -0.5
cellsize 1.0
nodata_value -3.40282346639e+38
-3.40282346639e+38	-3.40282346639e+38	-3.40282346639e+38	-3.40282346639e+38	-3.40282346639e+38	-3.40282346639e+38	-3.40282346639e+38	-3.40282346639e+38	-3.40282346639e+38	-3.40282346639e+38	-3.40282346639e+38	
-3.40282346639e+38	-3.40282346639e+38	-3.40282346639e+38	-3.40282346639e+38	-3.40282346639e+38	-3.40282346639e+38	-3.40282346639e+38	-3.40282346639e+38	-3.40282346639e+38	-3.40282346639e+38	-3.40282346639e+38	
-3.40282346639e+38	0.000176400770978	0.000176400770978	0.000176400770978	0.000176400770978	0.000176400770978	0.000176400770978	0.000176400770978	0.000176400770978	-3.40282346639e+38	-3.40282346639e+38	
-3.40282346639e+38	0.000176825659869	0.000176825659869	0.000176825659869	0.000176825659869	0.000176825659869	0.000176825659869	0.000176825659869	0.000176825659869	-3.40282346639e+38	-3.40282346639e+38	
-3.40282346639e+38	0.000176847105815	0.000176847105815	0.000176847105815	0.000176847105815	0.000176847105815	0.000176847105815	0.000176847105815	0.000176847105815	-3.40282346639e+38	-3.40282346639e+38	
-3.40282346639e+38	0.000176848019011	0.000176848019011	0.000176848019011	0.000176848019011	0.000176848019011	0.000176848019011	0.000176848019011	0.000176848019011	-3.40282346639e+38	-3.40282346639e+38	
-3.40282346639e+38	0.000176848068578	0.000176848068578	0.000176848068578	0.000176848068578	0.000176848068578	0.000176848068578	0.000176848068578	0.000176848068578	-3.40282346639e+38	-3.40282346639e+38	
-3.40282346639e+38	0.000176848084577	0.000176848084577	0.000176848084577	0.000176848084577	0.000176848084577	0.000176848084577	0.000176848084577	0.000176848084577	-3.40282346639e+38	-3.40282346639e+38	
-3.40282346639e+38	0.00017684809742	0.00017684809742	0.00017684809742	0.00017684809742	0.00017684809742	0.00017684809742	0.00017684809742	0.00017684809742	-3.40282346639e+38	-3.40282346639e+38	
-3.40282346639e+38	0.000176848108373	0.000176848108373	0.000176848108373	0.000176848108373	0.000176848108373	0.000176848108373	0.000176848108373	0.000176848108373	-3.40282346639e+38	-3.40282346639e+38	
-3.40282346639e+38	0.000176848117729	0.000176848117729	0.000176848117729	0.000176848117729	0.000176848117729	0.000176848117729	0.000176848117729	0.000176848117729	-3.40282346639e+38	-3.40282346639e+38	
-3.40282346639e+38	0.000176848125716	0.000176848125716	0.000176848125716	0.000176848125716	0.000176848125716	0.000176848125716	0.000176848125716	0.000176848125716	-3.40282346639e+38	-3.40282346639e+38	
-3.40282346639e+38	0.000176848132531	0.000176848132531	0.000176848132531	0.000176848132531	0.000176848132531	0.000176848132531	0.000176848132531	0.000176848132531	-3.40282346639e+38	-3.40282346639e+38	
-3.40282346639e+38	0.000176848138344	0.000176848138344	0.000176848138344	0.000176848138344	0.000176848138344	0.000176848138344	0.000176848138344	0.000176848138344	-3.40282346639e+38	-3.40282346639e+38	
-3.40282346639e+38	0.000176848143301	0.000176848143301	0.000176848143301	0.000176848143301	0.000176848143301	0.000176848143301	0.000176848143301	0.000176848143301	-3.40282346639e+38	-3.40282346639e+38	
-3.40282346639e+38	0.000176848147527	0.000176848147527	0.000176848147527	0.000176848147527	0.000176848147527	0.000176848147527	0.000176848147527	0.000176848147527	-3.40282346639e+38	-3.40282346639e+38	
-3.40282346639e+38	0.000176848151131	0.000176848151131	0.000176848151131	0.000176848151131	0.000176848151131	0.000176848151131	0.000176848151131	0.000176848151131	-3.40282346639e+38	-3.40282346639e+38	
-3.40282346639e+38	0.000176848154203	0.000176848154203	0.000176848154203	0.000176848154203	0.000176848154203	0.000176848154203	0.000176848154203	0.000176848154203	-3.40282346639e+38	-3.40282346639e+38	
-3.40282346639e+38	0.000176848156822	0.000176848156822	0.000176848156822	0.000176848156822	0.000176848156822	0.000176848156822	0.000176848156822	0.000176848156822	-3.40282346639e+38	-3.40282346639e+38	
-3.40282346639e+38	0.000176848159056	0.000176848159056	0.000176848159056	0.000176848159056	0.000176848159056	0.000176848159056	0.000176848159056	0.000176848159056	-3.40282346639e+38	-3.40282346639e+38	
-3.40282346639e+38	0.000176848160961	0.000176848160961	0.000176848160961	0.000176848160961	0.000176848160961	0.000176848160961	0.000176848160961	0.000176848160961	-3.40282346639e+38	-3.40282346639e+38	
-3.40282346639e+38	0.000176848162585	0.000176848162585	0.000176848162585	0.000176848162585	0.000176848162585	0.000176848162585	0.000176848162585	0.000176848162585	-3.40282346639e+38	-3.40282346639e+38	
-3.40282346639e+38	0.000176848163971	0.000176848163971	0.000176848163971	0.000176848163971	0.000176848163971	0.000176848163971	0.000176848163971	0.000176848163971	-3.40282346639e+38	-3.40282346639e+38	
-3.40282346639e+38	0.000176848165154	0.000176848165154	0.000176848165154	0.000176848165154	0.000176848165154	0.000176848165154	0.000176848165154	0.000176848165154	-3.40282346639e+38	-3.40282346639e+38	
-3.40282346639e+38	0.000176848166164	0.000176848166164	0.000176848166164	0.000176848166164	0.000176848166164	0.000176848166164	0.000176848166164	0.000176848166164	-3.40282346639e+38	-3.40282346639e+38	
-3.40282346639e+38	0.000176848167026	0.000176848167026	0.000176848167026	0.000176848167026	0.000176848167026	0.000176848167026	0.000176848167026	0.000176848167026	-3.40282346639e+38	-3.40282346639e+38	
-3.40282346639e+38	0.000176848167762	0.000176848167762	0.000176848167762	0.000176848167762	0.000176848167762	0.000176848167762	0.000176848167762	0.000176848167762	-3.40282346639e+38	-3.40282346639e+38	
-3.40282346639e+38	0.000176848168391	0.000176848168391	0.000176848168391	0.000176848168391	0.000176848168391	0.000176848168391	0.000176848168391	0.000176848168391	-3.40282346639e+38	-3.40282346639e+38	
-3.40282346639e+38	0.000176848168929	0.000176848168929	0.000176848168929	0.000176848168929	0.000176848168929	0.000176848168929	0.000176848168929	0.000176848168929	-3.40282346639e+38	-3.40282346639e+38	
-3.40282346639e+38	0.000176848169389	0.000176848169389	0.000176848169389	0.000176848169389	0.000176848169389	0.000176848169389	0.000176848169389	0.000176848169389	-3.40282346639e+38	-3.40282346639e+38	
-3.40282346639e+38	0.000176848169782	0.000176848169782	0.000176848169782	0.000176848169782	0.000176848169782	0.000176848169782	0.000176848169782	0.000176848169782	-3.40282346639e+38	-3.40282346639e+38	
-3.40282346639e+38	0.000176848170119	0.000176848170119	0.000176848170119	0.000176848170119	0.000176848170119	0.000176848170119	0.000176848170119	0.000176848170119	-3.40282346639e+38	-3.40282346639e+38	
-3.40282346639e+38	0.000176848170407	0.000176848170407	0.000176848170407	0.000176848170407	0.000176848170407	0.000176848170407	0.000176848170407	0.000176848170407	-3.40282346639e+38	-3.40282346639e+38	
-3.40282346639e+38	0.000176848170654	0.000176848170654	0.000176848170654	0.000176848170654	0.000176848170654	0.000176848170654	0.000176848170654	0.000176848170654	-3.40282346639e+38	-3.40282346639e+38	
-3.40282346639e+38	0.000176848170865	0.000176848170865	0.000176848170865	0.000176848170865	0.000176848170865	0.000176848170865	0.000176848170865	0.000176848170865	-3.40282346639e+38	-3.40282346639e+38	
-3.40282346639e+38	0.000176848171047	0.000176848171047	0.000176848171047	0.000176848171047	0.000176848171047	0.000176848171047	0.000176848171047	0.000176848171047	-3.40282346639e+38	-3.40282346639e+38	
-3.40282346639e+38	0.000176848171202	0.000176848171202	0.000176848171202	0.000176848171202	0.000176848171202	0.000176848171202	0.000176848171202	0.000176848171202	-3.40282346639e+38	-3.40282346639e+38	
-3.40282346639e+38	0.000176848171335	0.000176848171335	0.000176848171335	0.000176848171335	0.000176848171335	0.000176848171335	0.000176848171335	0.000176848171335	-3.40282346639e+38	-3.40282346639e+38	
-3.40282346639e+38	0.00017684817145	0.00017684817145	0.00017684817145	0.00017684817145	0.00017684817145	0.00017684817145	0.00017684817145	0.00017684817145	-3.40282346639e+38	-3.40282346639e+38	
-3.40282346639e+38	0.000176848171548	0.000176848171548	0.000176848171548	0.000176848171548	0.000176848171548	0.000176848171548	0.000176848171548	0.000176848171548	-3.40282346639e+38	-3.40282346639e+38	
-3.40282346639e+38	0.000176848171633	0.000176848171633	0.000176848171633	0.000176848171633	0.000176848171633	0.000176848171633	0.000176848171633	0.000176848171633	-3.40282346639e+38	-3.40282346639e+38	
-3.40282346639e+38	0.000176848171705	0.000176848171705	0.000176848171705	0.000176848171705	0.000176848171705	0.000176848171705	0.000176848171705	0.000176848171705	-3.40282346639e+38	-3.40282346639e+38	
-3.40282346639e+38	0.000176848171768	0.000176848171768	0.000176848171768	0.000176848171768	0.000176848171768	0.000176848171768	0.000176848171768	0.000176848171768	-3.40282346639e+38	-3.40282346639e+38	
-3.40282346639e+38	0.000176848171822	0.000176848171822	0.000176848171822	0.000176848171822	0.000176848171822	0.000176848171822	0.000176848171822	0.000176848171822	-3.40282346639e+38	-3.40282346639e+38	
-3.40282346639e+38	0.000176848171868	0.000176848171868	0.000176848171868	0.000176848171868	0.000176848171868	0.000176848171868	0.000176848171868	0.000176848171868	-3.40282346639e+38	-3.40282346639e+38	
-3.40282346639e+38	0.000176848171908	0.000176848171908	0.000176848171908	0.000176848171908	0.000176848171908	0.000176848171908	0.000176848171908	0.000176848171908	-3.40282346639e+38	-3.40282346639e+38	
-3.40282346639e+38	0.000176848171942	0.000176848171942	0.000176848171942	0.000176848171942	0.000176848171942	0.000176848171942	0.000176848171942	0.000176848171942	-3.40282346639e+38	-3.40282346639e+38	
-3.40282346639e+38	0.000176848171972	0.000176848171972	0.000176848171972	0.000176848171972	0.000176848171972	0.000176848171972	0.000176848171972	0.000176848171972	-3.40282346639e+38	-3.40282346639e+38	
-3.40282346639e+38	0.000176848171997	0.000176848171997	0.000176848171997	0.000176848171997	0.000176848171997	0.000176848171997	0.000176848171997	0.000176848171997	-3.40282346639e+38	-3.40282346639e+38	
-3.40282346639e+38	0.000176848172019	0.000176848172019	0.000176848172019	0.000176848172019	0.000176848172019	0.000176848172019	0.000176848172019	0.000176848172019	-3.40282346639e+38	-3.40282346639e+38	
-3.40282346639e+38	0.000176848172038	0.000176848172038	0.000176848172038	0.000176848172038	0.000176848172038	0.000176848172038	0.000176848172038	0.000176848172038	-3.40282346639e+38	-3.40282346639e+38	
-3.40282346639e+38	0.000176848172055	0.000176848172055	0.000176848172055	0.000176848172055	0.000176848172055	0.000176848172055	0.000176848172055	0.000176848172055	-3.40282346639e+38	-3.40282346639e+38	
-3.40282346639e+38	0.000176848172069	0.000176848172069	0.000176848172069	0.000176848172069	0.000176848172069	0.000176848172069	0.000176848172069	0.000176848172069	-3.40282346639e+38	-3.40282346639e+38	
-3.40282346639e+38	0.000176848172081	0.000176848172081	0.000176848172081	0.000176848172081	0.000176848172081	0.000176848172081	0.000176848172081	0.000176848172081	-3.40282346639e+38	-3.40282346639e+38	
-3.40282346639e+38	0.000176848172092	0.000176848172092	0.000176848172092	0.000176848172092	0.000176848172092	0.000176848172092	0.000176848172092	0.000176848172092	-3.40282346639e+38	-3.40282346639e+38	
-3.40282346639e+38	0.000176848172101	0.000176848172101	0.000176848172101	0.000176848172101	0.000176848172101	0.000176848172101	0.000176848172101	0.000176848172101	-3.40282346639e+38	-3.40282346639e+38	
-3.40282346639e+38	0.000176848172109	0.000176848172109	0.000176848172109	0.000176848172109	0.000176848172109	0.000176848172109	0.000176848172109	0.000176848172109	-3.40282346639e+38	-3.40282346639e+38	
-3.40282346639e+38	0.000176848172116	0.000176848172116	0.000176848172116	0.000176848172116	0.000176848172116	0.000176848172116	0.000176848172116	0.000176848172116	-3.40282346639e+38	-3.40282346639e+38	
-3.40282346639e+38	0.000176848172122	0.000176848172122	0.000176848172122	0.000176848172122	0.000176848172122	0.000176848172122	0.000176848172122	0.000176848172122	-3.40282346639e+38	-3.40282346639e+38	
-3.40282346639e+38	0.000176848172127	0.000176848172127	0.000176848172127	0.000176848172127	0.000176848172127	0.000176848172127	0.000176848172127	0.000176848172127	-3.40282346639e+38	-3.40282346639e+38	
-3.40282346639e+38	0.000176848172132	0.000176848172132	0.000176848172132	0.000176848172132	0.000176848172132	0.000176848172132	0.000176848172132	0.000176848172132	-3.40282346639e+38	-3.40282346639e+38	
-3.40282346639e+38	0.000176848172136	0.000176848172136	0.000176848172136	0.000176848172136	0.000176848172136	0.000176848172136	0.000176848172136	0.000176848172136	-3.40282346639e+38	-3.40282346639e+38	
-3.40282346639e+38	0.000176848172139	0.000176848172139	0.000176848172139	0.000176848172139	0.000176848172139	0.000176848172139	0.000176848172139	0.000176848172139	-3.40282346639e+38	-3.40282346639e+38	
-3.40282346639e+38	0.000176848172142	0.000176848172142	0.000176848172142	0.000176848172142	0.000176848172142	0.000176848172142	0.000176848172142	0.000176848172142	-3.40282346639e+38	-3.40282346639e+38	
-3.40282346639e+38	0.000176848172145	0.000176848172145	0.000176848172145	0.000176848172145	0.000176848172145	0.000176848172145	0.000176848172145	0.000176848172145	-3.40282346639e+38	-3.40282346639e+38	
-3.40282346639e+38	0.000176848172147	0.000176848172147	0.000176848172147	0.000176848172147	0.000176848172147	0.000176848172147	0.000176848172147	0.000176848172147	-3.40282346639e+38	-3.40282346639e+38	
-3.40282346639e+38	0.000176848172149	0.000176848172149	0.000176848172149	0.000176848172149	0.000176848172149	0.000176848172149	0.000176848172149	0.000176848172149	-3.40282346639e+38	-3.40282346639e+38	
-3.40282346639e+38	0.000176848172151	0.000176848172151	0.000176848172151	0.000176848172151	0.000176848172151	0.000176848172151	0.000176848172151	0.000176848172151	-3.40282346639e+38	-3.40282346639e+38	
-3.40282346639e+38	0.000176848172152	0.000176848172152	0.000176848172152	0.000176848172152	0.000176848172152	0.000176848172152	0.000176848172152	0.000176848172152	-3.40282346639e+38	-3.40282346639e+38	
-3.40282346639e+38	0.000176848172154	0.000176848172154	0.000176848172154	0.000176848172154	0.000176848172154	0.000176848172154	0.000176848172154	0.000176848172154	-3.40282346639e+38	-3.40282346639e+38	
-3.40282346639e+38	0.000176848172155	0.000176848172155	0.000176848172155	0.000176848172155	0.000176848172155	0.000176848172155	0.000176848172155	0.000176848172155	-3.40282346639e+38	-3.40282346639e+38	
-3.40282346639e+38	0.000176848172156	0.000176848172156	0.000176848172156	0.000176848172156	0.000176848172156	0.000176848172156	0.000176848172156	0.000176848172156	-3.40282346639e+38	-3.40282346639e+38	
-3.40282346639e+38	0.000176848172157	0.000176848172157	0.000176848172157	0.000176848172157	0.000176848172157	0.000176848172157	0.000176848172157	0.000176848172157	-3.40282346639e+38	-3.40282346639e+38	
-3.40282346639e+38	0.000176848172157	0.000176848172157	0.000176848172157	0.000176848172157	0.000176848172157	0.000176848172157	0.000176848172157	0.000176848172157	-3.40282346639e+38	-3.40282346639e+38	
-3.40282346639e+38	0.000176848172158	0.000176848172158	0.000176848172158	0.000176848172158	0.000176848172158	0.000176848172158	0.000176848172158	0.000176848172158	-3.40282346639e+38	-3.40282346639e+38	
-3.40282346639e+38	0.000176848172159	0.000176848172159	0.000176848172159	0.000176848172159	0.000176848172159	0.000176848172159	0.000176848172159	0.000176848172159	-3.40282346639e+38	-3.40282346639e+38	
-3.40282346639e+38	0.000176848172159	0.000176848172159	0.000176848172159	0.000176848172159	0.000176848172159	0.000176848172159	0.000176848172159	0.000176848172159	-3.40282346639e+38	-3.40282346639e+38	
-3.40282346639e+38	0.00017684817216	0.00017684817216	0.00017684817216	0.00017684817216	0.00017684817216	0.00017684817216	0.00017684817216	0.00017684817216	-3.40282346639e+38	-3.40282346639e+38	
-3.40282346639e+38	0.00017684817216	0.00017684817216	0.00017684817216	0.00017684817216	0.00017684817216	0.00017684817216	0.00017684817216	0.00017684817216	-3.40282346639e+38	-3.40282346639e+38	
-3.40282346639e+38	0.00017684817216	0.00017684817216	0.00017684817216	0.00017684817216	0.00017684817216	0.00017684817216	0.00017684817216	0.00017684817216	-3.40282346639e+38	-3.40282346639e+38	
-3.40282346639e+38	0.000176848172161	0.000176848172161	0.000176848172161	0.000176848172161	0.000176848172161	0.000176848172161	0.000176848172161	0.000176848172161	-3.40282346639e+38	-3.40282346639e+38	
-3.40282346639e+38	0.000176848172161	0.000176848172161	0.000176848172161	0.000176848172161	0.000176848172161	0.000176848172161	0.000176848172161	0.000176848172161	-3.40282346639e+38	-3.40282346639e+38	
-3.40282346639e+38	0.000176848172161	0.000176848172161	0.000176848172161	0.000176848172161	0.000176848172161	0.000176848172161	0.000176848172161	0.000176848172161	-3.40282346639e+38	-3.40282346639e+38	
-3.40282346639e+38	0.000176848172161	0.000176848172161	0.000176848172161	0.000176848172161	0.000176848172161	0.000176848172161	0.000176848172161	0.000176848172161	-3.40282346639e+38	-3.40282346639e+38	
-3.40282346639e+38	0.000176848172162	0.000176848172162	0.000176848172162	0.000176848172162	0.000176848172162	0.000176848172162	0.000176848172162	0.000176848172162	-3.40282346639e+38	-3.40282346639e+38	
-3.40282346639e+38	0.000176848172162	0.000176848172162	0.000176848172162	0.000176848172162	0.000176848172162	0.000176848172162	0.000176848172162	0.000176848172162	-3.40282346639e+38	-3.40282346639e+38	
-3.40282346639e+38	0.000176848172162	0.000176848172162	0.000176848172162	0.000176848172162	0.000176848172162	0.000176848172162	0.000176848172162	0.000176848172162	-3.40282346639e+38	-3.40282346639e+38	
-3.40282346639e+38	0.000176848172162	0.000176848172162	0.000176848172162	0.000176848172162	0.000176848172162	0.000176848172162	0.000176848172162	0.000176848172162	-3.40282346639e+38	-3.40282346639e+38	
-3.40282346639e+38	0.000176848172162	0.000176848172162	0.000176848172162	0.000176848172162	0.000176848172162	0.000176848172162	0.000176848172162	0.000176848172162	-3.40282346639e+38	-3.40282346639e+38	
-3.40282346639e+38	0.000176848172162	0.000176848172162	0.000176848172162	0.000176848172162	0.000176848172162	0.000176848172162	0.000176848172162	0.000176848172162	-3.40282346639e+38	-3.40282346639e+38	
-3.40282346639e+38	0.000176848172162	0.000176848172162	0.000176848172162	0.000176848172162	0.000176848172162	0.000176848172162	0.000176848172162	0.000176848172162	-3.40282346639e+38	-3.40282346639e+38	
-3.40282346639e+38	0.000176848172162	0.000176848172162	0.000176848172162	0.000176848172162	0.000176848172162	0.000176848172162	0.000176848172162	0.000176848172162	-3.40282346639e+38	-3.40282346639e+38	
-3.40282346639e+38	0.000176848172162	0.000176848172162	0.000176848172162	0.000176848172162	0.000176848172162	0.000176848172162	0.000176848172162	0.000176848172162	-3.40282346639e+38	-3.40282346639e+38	
-3.40282346639e+38	0.000176848172163	0.000176848172163	0.000176848172163	0.000176848172163	0.000176848172163	0.000176848172163	0.000176848172163	0.000176848172163	-3.40282346639e+38	-3.40282346639e+38	
-3.40282346639e+38	0.000176848172163	0.000176848172163	0.000176848172163	0.000176848172163	0.000176848172163	0.000176848172163	0.000176848172163	0.000176848172163	-3.40282346639e+38	-3.40282346639e+38	
-3.40282346639e+38	0.000176848172163	0.000176848172163	0.000176848172163	0.000176848172163	0.000176848172163	0.000176848172163	0.000176848172163	0.000176848172163	-3.40282346639e+38	-3.40282346639e+38	
-3.40282346639e+38	0.000176848172163	0.000176848172163	0.000176848172163	0.000176848172163	0.000176848172163	0.000176848172163	0.000176848172163	0.000176848172163	-3.40282346639e+38	-3.40282346639e+38	
-3.40282346639e+38	0.000176848172163	0.000176848172163	0.000176848172163	0.000176848172163	0.000176848172163	0.000176848172163	0.000176848172163	0.000176848172163	-3.40282346639e+38	-3.40282346639e+38	
-3.40282346639e+38	0.000176848172163	0.000176848172163	0.000176848172163	0.000176848172163	0.000176848172163	0.000176848172163	0.000176848172163	0.000176848172163	-3.40282346639e+38	-3.40282346639e+38	
-3.40282346639e+38	0.000176848172163	0.000176848172163	0.000176848172163	0.000176848172163	0.000176848172163	0.000176848172163	0.000176848172163	0.000176848172163	-3.40282346639e+38	-3.40282346639e+38	
-3.40282346639e+38	-3.40282346639e+38	-3.40282346639e+38	-3.40282346639e+38	-3.40282346639e+38	-3.40282346639e+38	-3.40282346639e+38	-3.40282346639e+38	-3.40282346639e+38	-3.40282346639e+38	-3.40282346639e+38	
