out/0000000040h.asc
ncols 11
nrows 101
xllcorner -0.5
yllcorner -0.5
cellsize 1.0
nodata_value -3.40282346639e+38
-3.40282346639e+38	-3.40282346639e+38	-3.40282346639e+38	-3.40282346639e+38	-3.40282346639e+38	-3.40282346639e+38	-3.40282346639e+38	-3.40282346639e+38	-3.40282346639e+38	-3.40282346639e+38	-3.40282346639e+38	
-3.40282346639e+38	-3.40282346639e+38	-3.40282346639e+38	-3.40282346639e+38	-3.40282346639e+38	-3.40282346639e+38	-3.40282346639e+38	-3.40282346639e+38	-3.40282346639e+38	-3.40282346639e+38	-3.40282346639e+38	
-3.40282346639e+38	0.000406824022166	0.000406824022166	0.000406824022166	0.000406824022166	0.000406824022166	0.000406824022166	0.000406824022166	0.000406824022166	-3.40282346639e+38	-3.40282346639e+38	
-3.40282346639e+38	0.000417570520453	0.000417570520453	0.000417570520453	0.000417570520453	0.000417570520453	0.000417570520453	0.000417570520453	0.000417570520453	-3.40282346639e+38	-3.40282346639e+38	
-3.40282346639e+38	0.000419561177902	0.000419561177902	0.000419561177902	0.000419561177902	0.000419561177902	0.000419561177902	0.000419561177902	0.000419561177902	-3.40282346639e+38	-3.40282346639e+38	
-3.40282346639e+38	0.000419864880905	0.000419864880905	0.000419864880905	0.000419864880905	0.000419864880905	0.000419864880905	0.000419864880905	0.000419864880905	-3.40282346639e+38	-3.40282346639e+38	
-3.40282346639e+38	0.000419904335606	0.000419904335606	0.000419904335606	0.000419904335606	0.000419904335606	0.000419904335606	0.000419904335606	0.000419904335606	-3.40282346639e+38	-3.40282346639e+38	
-3.40282346639e+38	0.000419908833579	0.000419908833579	0.000419908833579	0.000419908833579	0.000419908833579	0.000419908833579	0.000419908833579	0.000419908833579	-3.40282346639e+38	-3.40282346639e+38	
-3.40282346639e+38	0.000419909302733	0.000419909302733	0.000419909302733	0.000419909302733	0.000419909302733	0.000419909302733	0.000419909302733	0.000419909302733	-3.40282346639e+38	-3.40282346639e+38	
-3.40282346639e+38	0.000419909356645	0.000419909356645	0.000419909356645	0.000419909356645	0.000419909356645	0.000419909356645	0.000419909356645	0.000419909356645	-3.40282346639e+38	-3.40282346639e+38	
-3.40282346639e+38	0.000419909370394	0.000419909370394	0.000419909370394	0.000419909370394	0.000419909370394	0.000419909370394	0.000419909370394	0.000419909370394	-3.40282346639e+38	-3.40282346639e+38	
-3.40282346639e+38	0.000419909379375	0.000419909379375	0.000419909379375	0.000419909379375	0.000419909379375	0.000419909379375	0.000419909379375	0.000419909379375	-3.40282346639e+38	-3.40282346639e+38	
-3.40282346639e+38	0.000419909386824	0.000419909386824	0.000419909386824	0.000419909386824	0.000419909386824	0.000419909386824	0.000419909386824	0.000419909386824	-3.40282346639e+38	-3.40282346639e+38	
-3.40282346639e+38	0.000419909393164	0.000419909393164	0.000419909393164	0.000419909393164	0.000419909393164	0.000419909393164	0.000419909393164	0.000419909393164	-3.40282346639e+38	-3.40282346639e+38	
-3.40282346639e+38	0.000419909398572	0.000419909398572	0.000419909398572	0.000419909398572	0.000419909398572	0.000419909398572	0.000419909398572	0.000419909398572	-3.40282346639e+38	-3.40282346639e+38	
-3.40282346639e+38	0.000419909403185	0.000419909403185	0.000419909403185	0.000419909403185	0.000419909403185	0.000419909403185	0.000419909403185	0.000419909403185	-3.40282346639e+38	-3.40282346639e+38	
-3.40282346639e+38	0.000419909407118	0.000419909407118	0.000419909407118	0.000419909407118	0.000419909407118	0.000419909407118	0.000419909407118	0.000419909407118	-3.40282346639e+38	-3.40282346639e+38	
-3.40282346639e+38	0.000419909410473	0.000419909410473	0.000419909410473	0.000419909410473	0.000419909410473	0.000419909410473	0.000419909410473	0.000419909410473	-3.40282346639e+38	-3.40282346639e+38	
-3.40282346639e+38	0.000419909413333	0.000419909413333	0.000419909413333	0.000419909413333	0.000419909413333	0.000419909413333	0.000419909413333	0.000419909413333	-3.40282346639e+38	-3.40282346639e+38	
-3.40282346639e+38	0.000419909415773	0.000419909415773	0.000419909415773	0.000419909415773	0.000419909415773	0.000419909415773	0.000419909415773	0.000419909415773	-3.40282346639e+38	-3.40282346639e+38	
-3.40282346639e+38	0.000419909417854	0.000419909417854	0.000419909417854	0.000419909417854	0.000419909417854	0.000419909417854	0.000419909417854	0.000419909417854	-3.40282346639e+38	-3.40282346639e+38	
-3.40282346639e+38	0.000419909419629	0.000419909419629	0.000419909419629	0.000419909419629	0.000419909419629	0.000419909419629	0.000419909419629	0.000419909419629	-3.40282346639e+38	-3.40282346639e+38	
-3.40282346639e+38	0.000419909421143	0.000419909421143	0.000419909421143	0.000419909421143	0.000419909421143	0.000419909421143	0.000419909421143	0.000419909421143	-3.40282346639e+38	-3.40282346639e+38	
-3.40282346639e+38	0.000419909422436	0.000419909422436	0.000419909422436	0.000419909422436	0.000419909422436	0.000419909422436	0.000419909422436	0.000419909422436	-3.40282346639e+38	-3.40282346639e+38	
-3.40282346639e+38	0.00041990942354	0.00041990942354	0.00041990942354	0.00041990942354	0.00041990942354	0.00041990942354	0.00041990942354	0.00041990942354	-3.40282346639e+38	-3.40282346639e+38	
-3.40282346639e+38	0.000419909424482	0.000419909424482	0.000419909424482	0.000419909424482	0.000419909424482	0.000419909424482	0.000419909424482	0.000419909424482	-3.40282346639e+38	-3.40282346639e+38	
-3.40282346639e+38	0.000419909425287	0.000419909425287	0.000419909425287	0.000419909425287	0.000419909425287	0.000419909425287	0.000419909425287	0.000419909425287	-3.40282346639e+38	-3.40282346639e+38	
-3.40282346639e+38	0.000419909425975	0.000419909425975	0.000419909425975	0.000419909425975	0.000419909425975	0.000419909425975	0.000419909425975	0.000419909425975	-3.40282346639e+38	-3.40282346639e+38	
-3.40282346639e+38	0.000419909426563	0.000419909426563	0.000419909426563	0.000419909426563	0.000419909426563	0.000419909426563	0.000419909426563	0.000419909426563	-3.40282346639e+38	-3.40282346639e+38	
-3.40282346639e+38	0.000419909427065	0.000419909427065	0.000419909427065	0.000419909427065	0.000419909427065	0.000419909427065	0.000419909427065	0.000419909427065	-3.40282346639e+38	-3.40282346639e+38	
-3.40282346639e+38	0.000419909427496	0.000419909427496	0.000419909427496	0.000419909427496	0.000419909427496	0.000419909427496	0.000419909427496	0.000419909427496	-3.40282346639e+38	-3.40282346639e+38	
-3.40282346639e+38	0.000419909427864	0.000419909427864	0.000419909427864	0.000419909427864	0.000419909427864	0.000419909427864	0.000419909427864	0.000419909427864	-3.40282346639e+38	-3.40282346639e+38	
-3.40282346639e+38	0.000419909428179	0.000419909428179	0.000419909428179	0.000419909428179	0.000419909428179	0.000419909428179	0.000419909428179	0.000419909428179	-3.40282346639e+38	-3.40282346639e+38	
-3.40282346639e+38	0.000419909428449	0.000419909428449	0.000419909428449	0.000419909428449	0.000419909428449	0.000419909428449	0.000419909428449	0.000419909428449	-3.40282346639e+38	-3.40282346639e+38	
-3.40282346639e+38	0.00041990942868	0.00041990942868	0.00041990942868	0.00041990942868	0.00041990942868	0.00041990942868	0.00041990942868	0.00041990942868	-3.40282346639e+38	-3.40282346639e+38	
-3.40282346639e+38	0.000419909428878	0.000419909428878	0.000419909428878	0.000419909428878	0.000419909428878	0.000419909428878	0.000419909428878	0.000419909428878	-3.40282346639e+38	-3.40282346639e+38	
-3.40282346639e+38	0.000419909429048	0.000419909429048	0.000419909429048	0.000419909429048	0.000419909429048	0.000419909429048	0.000419909429048	0.000419909429048	-3.40282346639e+38	-3.40282346639e+38	
-3.40282346639e+38	0.000419909429194	0.000419909429194	0.000419909429194	0.000419909429194	0.000419909429194	0.000419909429194	0.000419909429194	0.000419909429194	-3.40282346639e+38	-3.40282346639e+38	
-3.40282346639e+38	0.000419909429319	0.000419909429319	0.000419909429319	0.000419909429319	0.000419909429319	0.000419909429319	0.000419909429319	0.000419909429319	-3.40282346639e+38	-3.40282346639e+38	
-3.40282346639e+38	0.000419909429427	0.000419909429427	0.000419909429427	0.000419909429427	0.000419909429427	0.000419909429427	0.000419909429427	0.000419909429427	-3.40282346639e+38	-3.40282346639e+38	
-3.40282346639e+38	0.000419909429519	0.000419909429519	0.000419909429519	0.000419909429519	0.000419909429519	0.000419909429519	0.000419909429519	0.000419909429519	-3.40282346639e+38	-3.40282346639e+38	
-3.40282346639e+38	0.000419909429598	0.000419909429598	0.000419909429598	0.000419909429598	0.000419909429598	0.000419909429598	0.000419909429598	0.000419909429598	-3.40282346639e+38	-3.40282346639e+38	
-3.40282346639e+38	0.000419909429667	0.000419909429667	0.000419909429667	0.000419909429667	0.000419909429667	0.000419909429667	0.000419909429667	0.000419909429667	-3.40282346639e+38	-3.40282346639e+38	
-3.40282346639e+38	0.000419909429725	0.000419909429725	0.000419909429725	0.000419909429725	0.000419909429725	0.000419909429725	0.000419909429725	0.000419909429725	-3.40282346639e+38	-3.40282346639e+38	
-3.40282346639e+38	0.000419909429776	0.000419909429776	0.000419909429776	0.000419909429776	0.000419909429776	0.000419909429776	0.000419909429776	0.000419909429776	-3.40282346639e+38	-3.40282346639e+38	
-3.40282346639e+38	0.00041990942982	0.00041990942982	0.00041990942982	0.00041990942982	0.00041990942982	0.00041990942982	0.00041990942982	0.00041990942982	-3.40282346639e+38	-3.40282346639e+38	
-3.40282346639e+38	0.000419909429857	0.000419909429857	0.000419909429857	0.000419909429857	0.000419909429857	0.000419909429857	0.000419909429857	0.000419909429857	-3.40282346639e+38	-3.40282346639e+38	
-3.40282346639e+38	0.000419909429889	0.000419909429889	0.000419909429889	0.000419909429889	0.000419909429889	0.000419909429889	0.000419909429889	0.000419909429889	-3.40282346639e+38	-3.40282346639e+38	
-3.40282346639e+38	0.000419909429917	0.000419909429917	0.000419909429917	0.000419909429917	0.000419909429917	0.000419909429917	0.000419909429917	0.000419909429917	-3.40282346639e+38	-3.40282346639e+38	
-3.40282346639e+38	0.000419909429942	0.000419909429942	0.000419909429942	0.000419909429942	0.000419909429942	0.000419909429942	0.000419909429942	0.000419909429942	-3.40282346639e+38	-3.40282346639e+38	
-3.40282346639e+38	0.000419909429962	0.000419909429962	0.000419909429962	0.000419909429962	0.000419909429962	0.000419909429962	0.000419909429962	0.000419909429962	-3.40282346639e+38	-3.40282346639e+38	
-3.40282346639e+38	0.00041990942998	0.00041990942998	0.00041990942998	0.00041990942998	0.00041990942998	0.00041990942998	0.00041990942998	0.00041990942998	-3.40282346639e+38	-3.40282346639e+38	
-3.40282346639e+38	0.000419909429996	0.000419909429996	0.000419909429996	0.000419909429996	0.000419909429996	0.000419909429996	0.000419909429996	0.000419909429996	-3.40282346639e+38	-3.40282346639e+38	
-3.40282346639e+38	0.000419909430009	0.000419909430009	0.000419909430009	0.000419909430009	0.000419909430009	0.000419909430009	0.000419909430009	0.000419909430009	-3.40282346639e+38	-3.40282346639e+38	
-3.40282346639e+38	0.000419909430021	0.000419909430021	0.000419909430021	0.000419909430021	0.000419909430021	0.000419909430021	0.000419909430021	0.000419909430021	-3.40282346639e+38	-3.40282346639e+38	
-3.40282346639e+38	0.000419909430031	0.000419909430031	0.000419909430031	0.000419909430031	0.000419909430031	0.000419909430031	0.000419909430031	0.000419909430031	-3.40282346639e+38	-3.40282346639e+38	
-3.40282346639e+38	0.00041990943004	0.00041990943004	0.00041990943004	0.00041990943004	0.00041990943004	0.00041990943004	0.00041990943004	0.00041990943004	-3.40282346639e+38	-3.40282346639e+38	
-3.40282346639e+38	0.000419909430047	0.000419909430047	0.000419909430047	0.000419909430047	0.000419909430047	0.000419909430047	0.000419909430047	0.000419909430047	-3.40282346639e+38	-3.40282346639e+38	
-3.40282346639e+38	0.000419909430054	0.000419909430054	0.000419909430054	0.000419909430054	0.000419909430054	0.000419909430054	0.000419909430054	0.000419909430054	-3.40282346639e+38	-3.40282346639e+38	
-3.40282346639e+38	0.00041990943006	0.00041990943006	0.00041990943006	0.00041990943006	0.00041990943006	0.00041990943006	0.00041990943006	0.00041990943006	-3.40282346639e+38	-3.40282346639e+38	
-3.40282346639e+38	0.000419909430065	0.000419909430065	0.000419909430065	0.000419909430065	0.000419909430065	0.000419909430065	0.000419909430065	0.000419909430065	-3.40282346639e+38	-3.40282346639e+38	
-3.40282346639e+38	0.000419909430069	0.000419909430069	0.000419909430069	0.000419909430069	0.000419909430069	0.000419909430069	0.000419909430069	0.000419909430069	-3.40282346639e+38	-3.40282346639e+38	
-3.40282346639e+38	0.000419909430073	0.000419909430073	0.000419909430073	0.000419909430073	0.000419909430073	0.000419909430073	0.000419909430073	0.000419909430073	-3.40282346639e+38	-3.40282346639e+38	
-3.40282346639e+38	0.000419909430076	0.000419909430076	0.000419909430076	0.000419909430076	0.000419909430076	0.000419909430076	0.000419909430076	0.000419909430076	-3.40282346639e+38	-3.40282346639e+38	
-3.40282346639e+38	0.000419909430079	0.000419909430079	0.000419909430079	0.000419909430079	0.000419909430079	0.000419909430079	0.000419909430079	0.000419909430079	-3.40282346639e+38	-3.40282346639e+38	
-3.40282346639e+38	0.000419909430081	0.000419909430081	0.000419909430081	0.000419909430081	0.000419909430081	0.000419909430081	0.000419909430081	0.000419909430081	-3.40282346639e+38	-3.40282346639e+38	
-3.40282346639e+38	0.000419909430083	0.000419909430083	0.000419909430083	0.000419909430083	0.000419909430083	0.000419909430083	0.000419909430083	0.000419909430083	-3.40282346639e+38	-3.40282346639e+38	
-3.40282346639e+38	0.000419909430085	0.000419909430085	0.000419909430085	0.000419909430085	0.000419909430085	0.000419909430085	0.000419909430085	0.000419909430085	-3.40282346639e+38	-3.40282346639e+38	
-3.40282346639e+38	0.000419909430087	0.000419909430087	0.000419909430087	0.000419909430087	0.000419909430087	0.000419909430087	0.000419909430087	0.000419909430087	-3.40282346639e+38	-3.40282346639e+38	
-3.40282346639e+38	0.000419909430088	0.000419909430088	0.000419909430088	0.000419909430088	0.000419909430088	0.000419909430088	0.000419909430088	0.000419909430088	-3.40282346639e+38	-3.40282346639e+38	
-3.40282346639e+38	0.00041990943009	0.00041990943009	0.00041990943009	0.00041990943009	0.00041990943009	0.00041990943009	0.00041990943009	0.00041990943009	-3.40282346639e+38	-3.40282346639e+38	
-3.40282346639e+38	0.000419909430091	0.000419909430091	0.000419909430091	0.000419909430091	0.000419909430091	0.000419909430091	0.000419909430091	0.000419909430091	-3.40282346639e+38	-3.40282346639e+38	
-3.40282346639e+38	0.000419909430092	0.000419909430092	0.000419909430092	0.000419909430092	0.000419909430092	0.000419909430092	0.000419909430092	0.000419909430092	-3.40282346639e+38	-3.40282346639e+38	
-3.40282346639e+38	0.000419909430093	0.000419909430093	0.000419909430093	0.000419909430093	0.000419909430093	0.000419909430093	0.000419909430093	0.000419909430093	-3.40282346639e+38	-3.40282346639e+38	
-3.40282346639e+38	0.000419909430093	0.000419909430093	0.000419909430093	0.000419909430093	0.000419909430093	0.000419909430093	0.000419909430093	0.000419909430093	-3.40282346639e+38	-3.40282346639e+38	
-3.40282346639e+38	0.000419909430094	0.000419909430094	0.000419909430094	0.000419909430094	0.000419909430094	0.000419909430094	0.000419909430094	0.000419909430094	-3.40282346639e+38	-3.40282346639e+38	
-3.40282346639e+38	0.000419909430095	0.000419909430095	0.000419909430095	0.000419909430095	0.000419909430095	0.000419909430095	0.000419909430095	0.000419909430095	-3.40282346639e+38	-3.40282346639e+38	
-3.40282346639e+38	0.000419909430095	0.000419909430095	0.000419909430095	0.000419909430095	0.000419909430095	0.000419909430095	0.000419909430095	0.000419909430095	-3.40282346639e+38	-3.40282346639e+38	
-3.40282346639e+38	0.000419909430095	0.000419909430095	0.000419909430095	0.000419909430095	0.000419909430095	0.000419909430095	0.000419909430095	0.000419909430095	-3.40282346639e+38	-3.40282346639e+38	
-3.40282346639e+38	0.000419909430096	0.000419909430096	0.000419909430096	0.000419909430096	0.000419909430096	0.000419909430096	0.000419909430096	0.000419909430096	-3.40282346639e+38	-3.40282346639e+38	
-3.40282346639e+38	0.000419909430096	0.000419909430096	0.000419909430096	0.000419909430096	0.000419909430096	0.000419909430096	0.000419909430096	0.000419909430096	-3.40282346639e+38	-3.40282346639e+38	
-3.40282346639e+38	0.000419909430096	0.000419909430096	0.000419909430096	0.000419909430096	0.000419909430096	0.000419909430096	0.000419909430096	0.000419909430096	-3.40282346639e+38	-3.40282346639e+38	
-3.40282346639e+38	0.000419909430097	0.000419909430097	0.000419909430097	0.000419909430097	0.000419909430097	0.000419909430097	0.000419909430097	0.000419909430097	-3.40282346639e+38	-3.40282346639e+38	
-3.40282346639e+38	0.000419909430097	0.000419909430097	0.000419909430097	0.000419909430097	0.000419909430097	0.000419909430097	0.000419909430097	0.000419909430097	-3.40282346639e+38	-3.40282346639e+38	
-3.40282346639e+38	0.000419909430097	0.000419909430097	0.000419909430097	0.000419909430097	0.000419909430097	0.000419909430097	0.000419909430097	0.000419909430097	-3.40282346639e+38	-3.40282346639e+38	
-3.40282346639e+38	0.000419909430097	0.000419909430097	0.000419909430097	0.000419909430097	0.000419909430097	0.000419909430097	0.000419909430097	0.000419909430097	-3.40282346639e+38	-3.40282346639e+38	
-3.40282346639e+38	0.000419909430098	0.000419909430098	0.000419909430098	0.000419909430098	0.000419909430098	0.000419909430098	0.000419909430098	0.000419909430098	-3.40282346639e+38	-3.40282346639e+38	
-3.40282346639e+38	0.000419909430098	0.000419909430098	0.000419909430098	0.000419909430098	0.000419909430098	0.000419909430098	0.000419909430098	0.000419909430098	-3.40282346639e+38	-3.40282346639e+38	
-3.40282346639e+38	0.000419909430098	0.000419909430098	0.000419909430098	0.000419909430098	0.000419909430098	0.000419909430098	0.000419909430098	0.000419909430098	-3.40282346639e+38	-3.40282346639e+38	
-3.40282346639e+38	0.000419909430098	0.000419909430098	0.000419909430098	0.000419909430098	0.000419909430098	0.000419909430098	0.000419909430098	0.000419909430098	-3.40282346639e+38	-3.40282346639e+38	
-3.40282346639e+38	0.000419909430098	0.000419909430098	0.000419909430098	0.000419909430098	0.000419909430098	0.000419909430098	0.000419909430098	0.000419909430098	-3.40282346639e+38	-3.40282346639e+38	
-3.40282346639e+38	0.000419909430098	0.000419909430098	0.000419909430098	0.000419909430098	0.000419909430098	0.000419909430098	0.000419909430098	0.000419909430098	-3.40282346639e+38	-3.40282346639e+38	
-3.40282346639e+38	0.000419909430098	0.000419909430098	0.000419909430098	0.000419909430098	0.000419909430098	0.000419909430098	0.000419909430098	0.000419909430098	-3.40282346639e+38	-3.40282346639e+38	
-3.40282346639e+38	0.000419909430098	0.000419909430098	0.000419909430098	0.000419909430098	0.000419909430098	0.000419909430098	0.000419909430098	0.000419909430098	-3.40282346639e+38	-3.40282346639e+38	
-3.40282346639e+38	0.000419909430098	0.000419909430098	0.000419909430098	0.000419909430098	0.000419909430098	0.000419909430098	0.000419909430098	0.000419909430098	-3.40282346639e+38	-3.40282346639e+38	
-3.40282346639e+38	0.000419909430098	0.000419909430098	0.000419909430098	0.000419909430098	0.000419909430098	0.000419909430098	0.000419909430098	0.000419909430098	-3.40282346639e+38	-3.40282346639e+38	
-3.40282346639e+38	0.000419909430098	0.000419909430098	0.000419909430098	0.000419909430098	0.000419909430098	0.000419909430098	0.000419909430098	0.000419909430098	-3.40282346639e+38	-3.40282346639e+38	
-3.40282346639e+38	0.000419909430098	0.000419909430098	0.000419909430098	0.000419909430098	0.000419909430098	0.000419909430098	0.000419909430098	0.000419909430098	-3.40282346639e+38	-3.40282346639e+38	
-3.40282346639e+38	0.000419909430098	0.000419909430098	0.000419909430098	0.000419909430098	0.000419909430098	0.000419909430098	0.000419909430098	0.000419909430098	-3.40282346639e+38	-3.40282346639e+38	
-3.40282346639e+38	0.000419909430099	0.000419909430099	0.000419909430099	0.000419909430099	0.000419909430099	0.000419909430099	0.000419909430099	0.000419909430099	-3.40282346639e+38	-3.40282346639e+38	
-3.40282346639e+38	-3.40282346639e+38	-3.40282346639e+38	-3.40282346639e+38	-3.40282346639e+38	-3.40282346639e+38	-3.40282346639e+38	-3.40282346639e+38	-3.40282346639e+38	-3.40282346639e+38	-3.40282346639e+38	
