out/0000000006h.asc
ncols 11
nrows 101
xllcorner -0.5
yllcorner -0.5
cellsize 1.0
nodata_value -3.40282346639e+38
-3.40282346639e+38	-3.40282346639e+38	-3.40282346639e+38	-3.40282346639e+38	-3.40282346639e+38	-3.40282346639e+38	-3.40282346639e+38	-3.40282346639e+38	-3.40282346639e+38	-3.40282346639e+38	-3.40282346639e+38	
-3.40282346639e+38	-3.40282346639e+38	-3.40282346639e+38	-3.40282346639e+38	-3.40282346639e+38	-3.40282346639e+38	-3.40282346639e+38	-3.40282346639e+38	-3.40282346639e+38	-3.40282346639e+38	-3.40282346639e+38	
-3.40282346639e+38	5.39627703666e-05	5.39627703666e-05	5.39627703666e-05	5.39627703666e-05	5.39627703666e-05	5.39627703666e-05	5.39627703666e-05	5.39627703666e-05	-3.40282346639e+38	-3.40282346639e+38	
-3.40282346639e+38	5.39671390791e-05	5.39671390791e-05	5.39671390791e-05	5.39671390791e-05	5.39671390791e-05	5.39671390791e-05	5.39671390791e-05	5.39671390791e-05	-3.40282346639e+38	-3.40282346639e+38	
-3.40282346639e+38	5.39672038953e-05	5.39672038953e-05	5.39672038953e-05	5.39672038953e-05	5.39672038953e-05	5.39672038953e-05	5.39672038953e-05	5.39672038953e-05	-3.40282346639e+38	-3.40282346639e+38	
-3.40282346639e+38	5.39672241844e-05	5.39672241844e-05	5.39672241844e-05	5.39672241844e-05	5.39672241844e-05	5.39672241844e-05	5.39672241844e-05	5.39672241844e-05	-3.40282346639e+38	-3.40282346639e+38	
-3.40282346639e+38	5.39672412886e-05	5.39672412886e-05	5.39672412886e-05	5.39672412886e-05	5.39672412886e-05	5.39672412886e-05	5.39672412886e-05	5.39672412886e-05	-3.40282346639e+38	-3.40282346639e+38	
-3.40282346639e+38	5.39672559319e-05	5.39672559319e-05	5.39672559319e-05	5.39672559319e-05	5.39672559319e-05	5.39672559319e-05	5.39672559319e-05	5.39672559319e-05	-3.40282346639e+38	-3.40282346639e+38	
-3.40282346639e+38	5.39672684573e-05	5.39672684573e-05	5.39672684573e-05	5.39672684573e-05	5.39672684573e-05	5.39672684573e-05	5.39672684573e-05	5.39672684573e-05	-3.40282346639e+38	-3.40282346639e+38	
-3.40282346639e+38	5.3967279162e-05	5.3967279162e-05	5.3967279162e-05	5.3967279162e-05	5.3967279162e-05	5.3967279162e-05	5.3967279162e-05	5.3967279162e-05	-3.40282346639e+38	-3.40282346639e+38	
-3.40282346639e+38	5.39672883041e-05	5.39672883041e-05	5.39672883041e-05	5.39672883041e-05	5.39672883041e-05	5.39672883041e-05	5.39672883041e-05	5.39672883041e-05	-3.40282346639e+38	-3.40282346639e+38	
-3.40282346639e+38	5.39672961074e-05	5.39672961074e-05	5.39672961074e-05	5.39672961074e-05	5.39672961074e-05	5.39672961074e-05	5.39672961074e-05	5.39672961074e-05	-3.40282346639e+38	-3.40282346639e+38	
-3.40282346639e+38	5.39673027649e-05	5.39673027649e-05	5.39673027649e-05	5.39673027649e-05	5.39673027649e-05	5.39673027649e-05	5.39673027649e-05	5.39673027649e-05	-3.40282346639e+38	-3.40282346639e+38	
-3.40282346639e+38	5.39673084431e-05	5.39673084431e-05	5.39673084431e-05	5.39673084431e-05	5.39673084431e-05	5.39673084431e-05	5.39673084431e-05	5.39673084431e-05	-3.40282346639e+38	-3.40282346639e+38	
-3.40282346639e+38	5.39673132848e-05	5.39673132848e-05	5.39673132848e-05	5.39673132848e-05	5.39673132848e-05	5.39673132848e-05	5.39673132848e-05	5.39673132848e-05	-3.40282346639e+38	-3.40282346639e+38	
-3.40282346639e+38	5.39673174126e-05	5.39673174126e-05	5.39673174126e-05	5.39673174126e-05	5.39673174126e-05	5.39673174126e-05	5.39673174126e-05	5.39673174126e-05	-3.40282346639e+38	-3.40282346639e+38	
-3.40282346639e+38	5.39673209315e-05	5.39673209315e-05	5.39673209315e-05	5.39673209315e-05	5.39673209315e-05	5.39673209315e-05	5.39673209315e-05	5.39673209315e-05	-3.40282346639e+38	-3.40282346639e+38	
-3.40282346639e+38	5.39673239314e-05	5.39673239314e-05	5.39673239314e-05	5.39673239314e-05	5.39673239314e-05	5.39673239314e-05	5.39673239314e-05	5.39673239314e-05	-3.40282346639e+38	-3.40282346639e+38	
-3.40282346639e+38	5.39673264889e-05	5.39673264889e-05	5.39673264889e-05	5.39673264889e-05	5.39673264889e-05	5.39673264889e-05	5.39673264889e-05	5.39673264889e-05	-3.40282346639e+38	-3.40282346639e+38	
-3.40282346639e+38	5.39673286696e-05	5.39673286696e-05	5.39673286696e-05	5.39673286696e-05	5.39673286696e-05	5.39673286696e-05	5.39673286696e-05	5.39673286696e-05	-3.40282346639e+38	-3.40282346639e+38	
-3.40282346639e+38	5.39673305292e-05	5.39673305292e-05	5.39673305292e-05	5.39673305292e-05	5.39673305292e-05	5.39673305292e-05	5.39673305292e-05	5.39673305292e-05	-3.40282346639e+38	-3.40282346639e+38	
-3.40282346639e+38	5.39673321153e-05	5.39673321153e-05	5.39673321153e-05	5.39673321153e-05	5.39673321153e-05	5.39673321153e-05	5.39673321153e-05	5.39673321153e-05	-3.40282346639e+38	-3.40282346639e+38	
-3.40282346639e+38	5.39673334684e-05	5.39673334684e-05	5.39673334684e-05	5.39673334684e-05	5.39673334684e-05	5.39673334684e-05	5.39673334684e-05	5.39673334684e-05	-3.40282346639e+38	-3.40282346639e+38	
-3.40282346639e+38	5.39673346231e-05	5.39673346231e-05	5.39673346231e-05	5.39673346231e-05	5.39673346231e-05	5.39673346231e-05	5.39673346231e-05	5.39673346231e-05	-3.40282346639e+38	-3.40282346639e+38	
-3.40282346639e+38	5.39673356087e-05	5.39673356087e-05	5.39673356087e-05	5.39673356087e-05	5.39673356087e-05	5.39673356087e-05	5.39673356087e-05	5.39673356087e-05	-3.40282346639e+38	-3.40282346639e+38	
-3.40282346639e+38	5.39673364503e-05	5.39673364503e-05	5.39673364503e-05	5.39673364503e-05	5.39673364503e-05	5.39673364503e-05	5.39673364503e-05	5.39673364503e-05	-3.40282346639e+38	-3.40282346639e+38	
-3.40282346639e+38	5.39673371691e-05	5.39673371691e-05	5.39673371691e-05	5.39673371691e-05	5.39673371691e-05	5.39673371691e-05	5.39673371691e-05	5.39673371691e-05	-3.40282346639e+38	-3.40282346639e+38	
-3.40282346639e+38	5.39673377833e-05	5.39673377833e-05	5.39673377833e-05	5.39673377833e-05	5.39673377833e-05	5.39673377833e-05	5.39673377833e-05	5.39673377833e-05	-3.40282346639e+38	-3.40282346639e+38	
-3.40282346639e+38	5.39673383083e-05	5.39673383083e-05	5.39673383083e-05	5.39673383083e-05	5.39673383083e-05	5.39673383083e-05	5.39673383083e-05	5.39673383083e-05	-3.40282346639e+38	-3.40282346639e+38	
-3.40282346639e+38	5.39673387572e-05	5.39673387572e-05	5.39673387572e-05	5.39673387572e-05	5.39673387572e-05	5.39673387572e-05	5.39673387572e-05	5.39673387572e-05	-3.40282346639e+38	-3.40282346639e+38	
-3.40282346639e+38	5.39673391411e-05	5.39673391411e-05	5.39673391411e-05	5.39673391411e-05	5.39673391411e-05	5.39673391411e-05	5.39673391411e-05	5.39673391411e-05	-3.40282346639e+38	-3.40282346639e+38	
-3.40282346639e+38	5.39673394697e-05	5.39673394697e-05	5.39673394697e-05	5.39673394697e-05	5.39673394697e-05	5.39673394697e-05	5.39673394697e-05	5.39673394697e-05	-3.40282346639e+38	-3.40282346639e+38	
-3.40282346639e+38	5.3967339751e-05	5.3967339751e-05	5.3967339751e-05	5.3967339751e-05	5.3967339751e-05	5.3967339751e-05	5.3967339751e-05	5.3967339751e-05	-3.40282346639e+38	-3.40282346639e+38	
-3.40282346639e+38	5.39673399919e-05	5.39673399919e-05	5.39673399919e-05	5.39673399919e-05	5.39673399919e-05	5.39673399919e-05	5.39673399919e-05	5.39673399919e-05	-3.40282346639e+38	-3.40282346639e+38	
-3.40282346639e+38	5.39673401983e-05	5.39673401983e-05	5.39673401983e-05	5.39673401983e-05	5.39673401983e-05	5.39673401983e-05	5.39673401983e-05	5.39673401983e-05	-3.40282346639e+38	-3.40282346639e+38	
-3.40282346639e+38	5.39673403753e-05	5.39673403753e-05	5.39673403753e-05	5.39673403753e-05	5.39673403753e-05	5.39673403753e-05	5.39673403753e-05	5.39673403753e-05	-3.40282346639e+38	-3.40282346639e+38	
-3.40282346639e+38	5.3967340527e-05	5.3967340527e-05	5.3967340527e-05	5.3967340527e-05	5.3967340527e-05	5.3967340527e-05	5.3967340527e-05	5.3967340527e-05	-3.40282346639e+38	-3.40282346639e+38	
-3.40282346639e+38	5.39673406572e-05	5.39673406572e-05	5.39673406572e-05	5.39673406572e-05	5.39673406572e-05	5.39673406572e-05	5.39673406572e-05	5.39673406572e-05	-3.40282346639e+38	-3.40282346639e+38	
-3.40282346639e+38	5.3967340769e-05	5.3967340769e-05	5.3967340769e-05	5.3967340769e-05	5.3967340769e-05	5.3967340769e-05	5.3967340769e-05	5.3967340769e-05	-3.40282346639e+38	-3.40282346639e+38	
-3.40282346639e+38	5.39673408649e-05	5.39673408649e-05	5.39673408649e-05	5.39673408649e-05	5.39673408649e-05	5.39673408649e-05	5.39673408649e-05	5.39673408649e-05	-3.40282346639e+38	-3.40282346639e+38	
-3.40282346639e+38	5.39673409474e-05	5.39673409474e-05	5.39673409474e-05	5.39673409474e-05	5.39673409474e-05	5.39673409474e-05	5.39673409474e-05	5.39673409474e-05	-3.40282346639e+38	-3.40282346639e+38	
-3.40282346639e+38	5.39673410183e-05	5.39673410183e-05	5.39673410183e-05	5.39673410183e-05	5.39673410183e-05	5.39673410183e-05	5.39673410183e-05	5.39673410183e-05	-3.40282346639e+38	-3.40282346639e+38	
-3.40282346639e+38	5.39673410792e-05	5.39673410792e-05	5.39673410792e-05	5.39673410792e-05	5.39673410792e-05	5.39673410792e-05	5.39673410792e-05	5.39673410792e-05	-3.40282346639e+38	-3.40282346639e+38	
-3.40282346639e+38	5.39673411317e-05	5.39673411317e-05	5.39673411317e-05	5.39673411317e-05	5.39673411317e-05	5.39673411317e-05	5.39673411317e-05	5.39673411317e-05	-3.40282346639e+38	-3.40282346639e+38	
-3.40282346639e+38	5.39673411769e-05	5.39673411769e-05	5.39673411769e-05	5.39673411769e-05	5.39673411769e-05	5.39673411769e-05	5.39673411769e-05	5.39673411769e-05	-3.40282346639e+38	-3.40282346639e+38	
-3.40282346639e+38	5.39673412157e-05	5.39673412157e-05	5.39673412157e-05	5.39673412157e-05	5.39673412157e-05	5.39673412157e-05	5.39673412157e-05	5.39673412157e-05	-3.40282346639e+38	-3.40282346639e+38	
-3.40282346639e+38	5.39673412493e-05	5.39673412493e-05	5.39673412493e-05	5.39673412493e-05	5.39673412493e-05	5.39673412493e-05	5.39673412493e-05	5.39673412493e-05	-3.40282346639e+38	-3.40282346639e+38	
-3.40282346639e+38	5.39673412782e-05	5.39673412782e-05	5.39673412782e-05	5.39673412782e-05	5.39673412782e-05	5.39673412782e-05	5.39673412782e-05	5.39673412782e-05	-3.40282346639e+38	-3.40282346639e+38	
-3.40282346639e+38	5.39673413031e-05	5.39673413031e-05	5.39673413031e-05	5.39673413031e-05	5.39673413031e-05	5.39673413031e-05	5.39673413031e-05	5.39673413031e-05	-3.40282346639e+38	-3.40282346639e+38	
-3.40282346639e+38	5.39673413246e-05	5.39673413246e-05	5.39673413246e-05	5.39673413246e-05	5.39673413246e-05	5.39673413246e-05	5.39673413246e-05	5.39673413246e-05	-3.40282346639e+38	-3.40282346639e+38	
-3.40282346639e+38	5.39673413432e-05	5.39673413432e-05	5.39673413432e-05	5.39673413432e-05	5.39673413432e-05	5.39673413432e-05	5.39673413432e-05	5.39673413432e-05	-3.40282346639e+38	-3.40282346639e+38	
-3.40282346639e+38	5.39673413593e-05	5.39673413593e-05	5.39673413593e-05	5.39673413593e-05	5.39673413593e-05	5.39673413593e-05	5.39673413593e-05	5.39673413593e-05	-3.40282346639e+38	-3.40282346639e+38	
-3.40282346639e+38	5.39673413731e-05	5.39673413731e-05	5.39673413731e-05	5.39673413731e-05	5.39673413731e-05	5.39673413731e-05	5.39673413731e-05	5.39673413731e-05	-3.40282346639e+38	-3.40282346639e+38	
-3.40282346639e+38	5.39673413852e-05	5.39673413852e-05	5.39673413852e-05	5.39673413852e-05	5.39673413852e-05	5.39673413852e-05	5.39673413852e-05	5.39673413852e-05	-3.40282346639e+38	-3.40282346639e+38	
-3.40282346639e+38	5.39673413956e-05	5.39673413956e-05	5.39673413956e-05	5.39673413956e-05	5.39673413956e-05	5.39673413956e-05	5.39673413956e-05	5.39673413956e-05	-3.40282346639e+38	-3.40282346639e+38	
-3.40282346639e+38	5.39673414046e-05	5.39673414046e-05	5.39673414046e-05	5.39673414046e-05	5.39673414046e-05	5.39673414046e-05	5.39673414046e-05	5.39673414046e-05	-3.40282346639e+38	-3.40282346639e+38	
-3.40282346639e+38	5.39673414124e-05	5.39673414124e-05	5.39673414124e-05	5.39673414124e-05	5.39673414124e-05	5.39673414124e-05	5.39673414124e-05	5.39673414124e-05	-3.40282346639e+38	-3.40282346639e+38	
-3.40282346639e+38	5.39673414191e-05	5.39673414191e-05	5.39673414191e-05	5.39673414191e-05	5.39673414191e-05	5.39673414191e-05	5.39673414191e-05	5.39673414191e-05	-3.40282346639e+38	-3.40282346639e+38	
-3.40282346639e+38	5.3967341425e-05	5.3967341425e-05	5.3967341425e-05	5.3967341425e-05	5.3967341425e-05	5.3967341425e-05	5.3967341425e-05	5.3967341425e-05	-3.40282346639e+38	-3.40282346639e+38	
-3.40282346639e+38	5.39673414301e-05	5.39673414301e-05	5.39673414301e-05	5.39673414301e-05	5.39673414301e-05	5.39673414301e-05	5.39673414301e-05	5.39673414301e-05	-3.40282346639e+38	-3.40282346639e+38	
-3.40282346639e+38	5.39673414345e-05	5.39673414345e-05	5.39673414345e-05	5.39673414345e-05	5.39673414345e-05	5.39673414345e-05	5.39673414345e-05	5.39673414345e-05	-3.40282346639e+38	-3.40282346639e+38	
-3.40282346639e+38	5.39673414384e-05	5.39673414384e-05	5.39673414384e-05	5.39673414384e-05	5.39673414384e-05	5.39673414384e-05	5.39673414384e-05	5.39673414384e-05	-3.40282346639e+38	-3.40282346639e+38	
-3.40282346639e+38	5.39673414417e-05	5.39673414417e-05	5.39673414417e-05	5.39673414417e-05	5.39673414417e-05	5.39673414417e-05	5.39673414417e-05	5.39673414417e-05	-3.40282346639e+38	-3.40282346639e+38	
-3.40282346639e+38	5.39673414446e-05	5.39673414446e-05	5.39673414446e-05	5.39673414446e-05	5.39673414446e-05	5.39673414446e-05	5.39673414446e-05	5.39673414446e-05	-3.40282346639e+38	-3.40282346639e+38	
-3.40282346639e+38	5.39673414471e-05	5.39673414471e-05	5.39673414471e-05	5.39673414471e-05	5.39673414471e-05	5.39673414471e-05	5.39673414471e-05	5.39673414471e-05	-3.40282346639e+38	-3.40282346639e+38	
-3.40282346639e+38	5.39673414494e-05	5.39673414494e-05	5.39673414494e-05	5.39673414494e-05	5.39673414494e-05	5.39673414494e-05	5.39673414494e-05	5.39673414494e-05	-3.40282346639e+38	-3.40282346639e+38	
-3.40282346639e+38	5.39673414513e-05	5.39673414513e-05	5.39673414513e-05	5.39673414513e-05	5.39673414513e-05	5.39673414513e-05	5.39673414513e-05	5.39673414513e-05	-3.40282346639e+38	-3.40282346639e+38	
-3.40282346639e+38	5.3967341453e-05	5.3967341453e-05	5.3967341453e-05	5.3967341453e-05	5.3967341453e-05	5.3967341453e-05	5.3967341453e-05	5.3967341453e-05	-3.40282346639e+38	-3.40282346639e+38	
-3.40282346639e+38	5.39673414544e-05	5.39673414544e-05	5.39673414544e-05	5.39673414544e-05	5.39673414544e-05	5.39673414544e-05	5.39673414544e-05	5.39673414544e-05	-3.40282346639e+38	-3.40282346639e+38	
-3.40282346639e+38	5.39673414557e-05	5.39673414557e-05	5.39673414557e-05	5.39673414557e-05	5.39673414557e-05	5.39673414557e-05	5.39673414557e-05	5.39673414557e-05	-3.40282346639e+38	-3.40282346639e+38	
-3.40282346639e+38	5.39673414568e-05	5.39673414568e-05	5.39673414568e-05	5.39673414568e-05	5.39673414568e-05	5.39673414568e-05	5.39673414568e-05	5.39673414568e-05	-3.40282346639e+38	-3.40282346639e+38	
-3.40282346639e+38	5.39673414578e-05	5.39673414578e-05	5.39673414578e-05	5.39673414578e-05	5.39673414578e-05	5.39673414578e-05	5.39673414578e-05	5.39673414578e-05	-3.40282346639e+38	-3.40282346639e+38	
-3.40282346639e+38	5.39673414587e-05	5.39673414587e-05	5.39673414587e-05	5.39673414587e-05	5.39673414587e-05	5.39673414587e-05	5.39673414587e-05	5.39673414587e-05	-3.40282346639e+38	-3.40282346639e+38	
-3.40282346639e+38	5.39673414594e-05	5.39673414594e-05	5.39673414594e-05	5.39673414594e-05	5.39673414594e-05	5.39673414594e-05	5.39673414594e-05	5.39673414594e-05	-3.40282346639e+38	-3.40282346639e+38	
-3.40282346639e+38	5.39673414601e-05	5.39673414601e-05	5.39673414601e-05	5.39673414601e-05	5.39673414601e-05	5.39673414601e-05	5.39673414601e-05	5.39673414601e-05	-3.40282346639e+38	-3.40282346639e+38	
-3.40282346639e+38	5.39673414607e-05	5.39673414607e-05	5.39673414607e-05	5.39673414607e-05	5.39673414607e-05	5.39673414607e-05	5.39673414607e-05	5.39673414607e-05	-3.40282346639e+38	-3.40282346639e+38	
-3.40282346639e+38	5.39673414612e-05	5.39673414612e-05	5.39673414612e-05	5.39673414612e-05	5.39673414612e-05	5.39673414612e-05	5.39673414612e-05	5.39673414612e-05	-3.40282346639e+38	-3.40282346639e+38	
-3.40282346639e+38	5.39673414616e-05	5.39673414616e-05	5.39673414616e-05	5.39673414616e-05	5.39673414616e-05	5.39673414616e-05	5.39673414616e-05	5.39673414616e-05	-3.40282346639e+38	-3.40282346639e+38	
-3.40282346639e+38	5.3967341462e-05	5.3967341462e-05	5.3967341462e-05	5.3967341462e-05	5.3967341462e-05	5.3967341462e-05	5.3967341462e-05	5.3967341462e-05	-3.40282346639e+38	-3.40282346639e+38	
-3.40282346639e+38	5.39673414624e-05	5.39673414624e-05	5.39673414624e-05	5.39673414624e-05	5.39673414624e-05	5.39673414624e-05	5.39673414624e-05	5.39673414624e-05	-3.40282346639e+38	-3.40282346639e+38	
-3.40282346639e+38	5.39673414627e-05	5.39673414627e-05	5.39673414627e-05	5.39673414627e-05	5.39673414627e-05	5.39673414627e-05	5.39673414627e-05	5.39673414627e-05	-3.40282346639e+38	-3.40282346639e+38	
-3.40282346639e+38	5.39673414629e-05	5.39673414629e-05	5.39673414629e-05	5.39673414629e-05	5.39673414629e-05	5.39673414629e-05	5.39673414629e-05	5.39673414629e-05	-3.40282346639e+38	-3.40282346639e+38	
-3.40282346639e+38	5.39673414632e-05	5.39673414632e-05	5.39673414632e-05	5.39673414632e-05	5.39673414632e-05	5.39673414632e-05	5.39673414632e-05	5.39673414632e-05	-3.40282346639e+38	-3.40282346639e+38	
-3.40282346639e+38	5.39673414634e-05	5.39673414634e-05	5.39673414634e-05	5.39673414634e-05	5.39673414634e-05	5.39673414634e-05	5.39673414634e-05	5.39673414634e-05	-3.40282346639e+38	-3.40282346639e+38	
-3.40282346639e+38	5.39673414636e-05	5.39673414636e-05	5.39673414636e-05	5.39673414636e-05	5.39673414636e-05	5.39673414636e-05	5.39673414636e-05	5.39673414636e-05	-3.40282346639e+38	-3.40282346639e+38	
-3.40282346639e+38	5.39673414637e-05	5.39673414637e-05	5.39673414637e-05	5.39673414637e-05	5.39673414637e-05	5.39673414637e-05	5.39673414637e-05	5.39673414637e-05	-3.40282346639e+38	-3.40282346639e+38	
-3.40282346639e+38	5.39673414639e-05	5.39673414639e-05	5.39673414639e-05	5.39673414639e-05	5.39673414639e-05	5.39673414639e-05	5.39673414639e-05	5.39673414639e-05	-3.40282346639e+38	-3.40282346639e+38	
-3.40282346639e+38	5.3967341464e-05	5.3967341464e-05	5.3967341464e-05	5.3967341464e-05	5.3967341464e-05	5.3967341464e-05	5.3967341464e-05	5.3967341464e-05	-3.40282346639e+38	-3.40282346639e+38	
-3.40282346639e+38	5.39673414641e-05	5.39673414641e-05	5.39673414641e-05	5.39673414641e-05	5.39673414641e-05	5.39673414641e-05	5.39673414641e-05	5.39673414641e-05	-3.40282346639e+38	-3.40282346639e+38	
-3.40282346639e+38	5.39673414642e-05	5.39673414642e-05	5.39673414642e-05	5.39673414642e-05	5.39673414642e-05	5.39673414642e-05	5.39673414642e-05	5.39673414642e-05	-3.40282346639e+38	-3.40282346639e+38	
-3.40282346639e+38	5.39673414643e-05	5.39673414643e-05	5.39673414643e-05	5.39673414643e-05	5.39673414643e-05	5.39673414643e-05	5.39673414643e-05	5.39673414643e-05	-3.40282346639e+38	-3.40282346639e+38	
-3.40282346639e+38	5.39673414644e-05	5.39673414644e-05	5.39673414644e-05	5.39673414644e-05	5.39673414644e-05	5.39673414644e-05	5.39673414644e-05	5.39673414644e-05	-3.40282346639e+38	-3.40282346639e+38	
-3.40282346639e+38	5.39673414645e-05	5.39673414645e-05	5.39673414645e-05	5.39673414645e-05	5.39673414645e-05	5.39673414645e-05	5.39673414645e-05	5.39673414645e-05	-3.40282346639e+38	-3.40282346639e+38	
-3.40282346639e+38	5.39673414645e-05	5.39673414645e-05	5.39673414645e-05	5.39673414645e-05	5.39673414645e-05	5.39673414645e-05	5.39673414645e-05	5.39673414645e-05	-3.40282346639e+38	-3.40282346639e+38	
-3.40282346639e+38	5.39673414646e-05	5.39673414646e-05	5.39673414646e-05	5.39673414646e-05	5.39673414646e-05	5.39673414646e-05	5.39673414646e-05	5.39673414646e-05	-3.40282346639e+38	-3.40282346639e+38	
-3.40282346639e+38	5.39673414646e-05	5.39673414646e-05	5.39673414646e-05	5.39673414646e-05	5.39673414646e-05	5.39673414646e-05	5.39673414646e-05	5.39673414646e-05	-3.40282346639e+38	-3.40282346639e+38	
-3.40282346639e+38	5.39673414647e-05	5.39673414647e-05	5.39673414647e-05	5.39673414647e-05	5.39673414647e-05	5.39673414647e-05	5.39673414647e-05	5.39673414647e-05	-3.40282346639e+38	-3.40282346639e+38	
-3.40282346639e+38	5.39673414647e-05	5.39673414647e-05	5.39673414647e-05	5.39673414647e-05	5.39673414647e-05	5.39673414647e-05	5.39673414647e-05	5.39673414647e-05	-3.40282346639e+38	-3.40282346639e+38	
-3.40282346639e+38	5.39673414647e-05	5.39673414647e-05	5.39673414647e-05	5.39673414647e-05	5.39673414647e-05	5.39673414647e-05	5.39673414647e-05	5.39673414647e-05	-3.40282346639e+38	-3.40282346639e+38	
-3.40282346639e+38	5.39673414648e-05	5.39673414648e-05	5.39673414648e-05	5.39673414648e-05	5.39673414648e-05	5.39673414648e-05	5.39673414648e-05	5.39673414648e-05	-3.40282346639e+38	-3.40282346639e+38	
-3.40282346639e+38	-3.40282346639e+38	-3.40282346639e+38	-3.40282346639e+38	-3.40282346639e+38	-3.40282346639e+38	-3.40282346639e+38	-3.40282346639e+38	-3.40282346639e+38	-3.40282346639e+38	-3.40282346639e+38	
