out/0000000023h.asc
ncols 11
nrows 101
xllcorner -0.5
yllcorner -0.5
cellsize 1.0
nodata_value -3.40282346639e+38
-3.40282346639e+38	-3.40282346639e+38	-3.40282346639e+38	-3.40282346639e+38	-3.40282346639e+38	-3.40282346639e+38	-3.40282346639e+38	-3.40282346639e+38	-3.40282346639e+38	-3.40282346639e+38	-3.40282346639e+38	
-3.40282346639e+38	-3.40282346639e+38	-3.40282346639e+38	-3.40282346639e+38	-3.40282346639e+38	-3.40282346639e+38	-3.40282346639e+38	-3.40282346639e+38	-3.40282346639e+38	-3.40282346639e+38	-3.40282346639e+38	
-3.40282346639e+38	0.000229596109412	0.000229596109412	0.000229596109412	0.000229596109412	0.000229596109412	0.000229596109412	0.000229596109412	0.000229596109412	-3.40282346639e+38	-3.40282346639e+38	
-3.40282346639e+38	0.000230790405344	0.000230790405344	0.000230790405344	0.000230790405344	0.000230790405344	0.000230790405344	0.000230790405344	0.000230790405344	-3.40282346639e+38	-3.40282346639e+38	
-3.40282346639e+38	0.000230880041525	0.000230880041525	0.000230880041525	0.000230880041525	0.000230880041525	0.000230880041525	0.000230880041525	0.000230880041525	-3.40282346639e+38	-3.40282346639e+38	
-3.40282346639e+38	0.000230885589995	0.000230885589995	0.000230885589995	0.000230885589995	0.000230885589995	0.000230885589995	0.000230885589995	0.000230885589995	-3.40282346639e+38	-3.40282346639e+38	
-3.40282346639e+38	0.000230885900012	0.000230885900012	0.000230885900012	0.000230885900012	0.000230885900012	0.000230885900012	0.000230885900012	0.000230885900012	-3.40282346639e+38	-3.40282346639e+38	
-3.40282346639e+38	0.000230885928842	0.000230885928842	0.000230885928842	0.000230885928842	0.000230885928842	0.000230885928842	0.000230885928842	0.000230885928842	-3.40282346639e+38	-3.40282346639e+38	
-3.40282346639e+38	0.000230885942415	0.000230885942415	0.000230885942415	0.000230885942415	0.000230885942415	0.000230885942415	0.000230885942415	0.000230885942415	-3.40282346639e+38	-3.40282346639e+38	
-3.40282346639e+38	0.000230885953551	0.000230885953551	0.000230885953551	0.000230885953551	0.000230885953551	0.000230885953551	0.000230885953551	0.000230885953551	-3.40282346639e+38	-3.40282346639e+38	
-3.40282346639e+38	0.000230885963047	0.000230885963047	0.000230885963047	0.000230885963047	0.000230885963047	0.000230885963047	0.000230885963047	0.000230885963047	-3.40282346639e+38	-3.40282346639e+38	
-3.40282346639e+38	0.000230885971153	0.000230885971153	0.000230885971153	0.000230885971153	0.000230885971153	0.000230885971153	0.000230885971153	0.000230885971153	-3.40282346639e+38	-3.40282346639e+38	
-3.40282346639e+38	0.00023088597807	0.00023088597807	0.00023088597807	0.00023088597807	0.00023088597807	0.00023088597807	0.00023088597807	0.00023088597807	-3.40282346639e+38	-3.40282346639e+38	
-3.40282346639e+38	0.000230885983971	0.000230885983971	0.000230885983971	0.000230885983971	0.000230885983971	0.000230885983971	0.000230885983971	0.000230885983971	-3.40282346639e+38	-3.40282346639e+38	
-3.40282346639e+38	0.000230885989004	0.000230885989004	0.000230885989004	0.000230885989004	0.000230885989004	0.000230885989004	0.000230885989004	0.000230885989004	-3.40282346639e+38	-3.40282346639e+38	
-3.40282346639e+38	0.000230885993295	0.000230885993295	0.000230885993295	0.000230885993295	0.000230885993295	0.000230885993295	0.000230885993295	0.000230885993295	-3.40282346639e+38	-3.40282346639e+38	
-3.40282346639e+38	0.000230885996953	0.000230885996953	0.000230885996953	0.000230885996953	0.000230885996953	0.000230885996953	0.000230885996953	0.000230885996953	-3.40282346639e+38	-3.40282346639e+38	
-3.40282346639e+38	0.000230886000073	0.000230886000073	0.000230886000073	0.000230886000073	0.000230886000073	0.000230886000073	0.000230886000073	0.000230886000073	-3.40282346639e+38	-3.40282346639e+38	
-3.40282346639e+38	0.000230886002732	0.000230886002732	0.000230886002732	0.000230886002732	0.000230886002732	0.000230886002732	0.000230886002732	0.000230886002732	-3.40282346639e+38	-3.40282346639e+38	
-3.40282346639e+38	0.000230886005	0.000230886005	0.000230886005	0.000230886005	0.000230886005	0.000230886005	0.000230886005	0.000230886005	-3.40282346639e+38	-3.40282346639e+38	
-3.40282346639e+38	0.000230886006934	0.000230886006934	0.000230886006934	0.000230886006934	0.000230886006934	0.000230886006934	0.000230886006934	0.000230886006934	-3.40282346639e+38	-3.40282346639e+38	
-3.40282346639e+38	0.000230886008584	0.000230886008584	0.000230886008584	0.000230886008584	0.000230886008584	0.000230886008584	0.000230886008584	0.000230886008584	-3.40282346639e+38	-3.40282346639e+38	
-3.40282346639e+38	0.000230886009991	0.000230886009991	0.000230886009991	0.000230886009991	0.000230886009991	0.000230886009991	0.000230886009991	0.000230886009991	-3.40282346639e+38	-3.40282346639e+38	
-3.40282346639e+38	0.000230886011192	0.000230886011192	0.000230886011192	0.000230886011192	0.000230886011192	0.000230886011192	0.000230886011192	0.000230886011192	-3.40282346639e+38	-3.40282346639e+38	
-3.40282346639e+38	0.000230886012218	0.000230886012218	0.000230886012218	0.000230886012218	0.000230886012218	0.000230886012218	0.000230886012218	0.000230886012218	-3.40282346639e+38	-3.40282346639e+38	
-3.40282346639e+38	0.000230886013093	0.000230886013093	0.000230886013093	0.000230886013093	0.000230886013093	0.000230886013093	0.000230886013093	0.000230886013093	-3.40282346639e+38	-3.40282346639e+38	
-3.40282346639e+38	0.000230886013841	0.000230886013841	0.000230886013841	0.000230886013841	0.000230886013841	0.000230886013841	0.000230886013841	0.000230886013841	-3.40282346639e+38	-3.40282346639e+38	
-3.40282346639e+38	0.00023088601448	0.00023088601448	0.00023088601448	0.00023088601448	0.00023088601448	0.00023088601448	0.00023088601448	0.00023088601448	-3.40282346639e+38	-3.40282346639e+38	
-3.40282346639e+38	0.000230886015026	0.000230886015026	0.000230886015026	0.000230886015026	0.000230886015026	0.000230886015026	0.000230886015026	0.000230886015026	-3.40282346639e+38	-3.40282346639e+38	
-3.40282346639e+38	0.000230886015493	0.000230886015493	0.000230886015493	0.000230886015493	0.000230886015493	0.000230886015493	0.000230886015493	0.000230886015493	-3.40282346639e+38	-3.40282346639e+38	
-3.40282346639e+38	0.000230886015893	0.000230886015893	0.000230886015893	0.000230886015893	0.000230886015893	0.000230886015893	0.000230886015893	0.000230886015893	-3.40282346639e+38	-3.40282346639e+38	
-3.40282346639e+38	0.000230886016234	0.000230886016234	0.000230886016234	0.000230886016234	0.000230886016234	0.000230886016234	0.000230886016234	0.000230886016234	-3.40282346639e+38	-3.40282346639e+38	
-3.40282346639e+38	0.000230886016527	0.000230886016527	0.000230886016527	0.000230886016527	0.000230886016527	0.000230886016527	0.000230886016527	0.000230886016527	-3.40282346639e+38	-3.40282346639e+38	
-3.40282346639e+38	0.000230886016778	0.000230886016778	0.000230886016778	0.000230886016778	0.000230886016778	0.000230886016778	0.000230886016778	0.000230886016778	-3.40282346639e+38	-3.40282346639e+38	
-3.40282346639e+38	0.000230886016993	0.000230886016993	0.000230886016993	0.000230886016993	0.000230886016993	0.000230886016993	0.000230886016993	0.000230886016993	-3.40282346639e+38	-3.40282346639e+38	
-3.40282346639e+38	0.000230886017177	0.000230886017177	0.000230886017177	0.000230886017177	0.000230886017177	0.000230886017177	0.000230886017177	0.000230886017177	-3.40282346639e+38	-3.40282346639e+38	
-3.40282346639e+38	0.000230886017335	0.000230886017335	0.000230886017335	0.000230886017335	0.000230886017335	0.000230886017335	0.000230886017335	0.000230886017335	-3.40282346639e+38	-3.40282346639e+38	
-3.40282346639e+38	0.00023088601747	0.00023088601747	0.00023088601747	0.00023088601747	0.00023088601747	0.00023088601747	0.00023088601747	0.00023088601747	-3.40282346639e+38	-3.40282346639e+38	
-3.40282346639e+38	0.000230886017586	0.000230886017586	0.000230886017586	0.000230886017586	0.000230886017586	0.000230886017586	0.000230886017586	0.000230886017586	-3.40282346639e+38	-3.40282346639e+38	
-3.40282346639e+38	0.000230886017686	0.000230886017686	0.000230886017686	0.000230886017686	0.000230886017686	0.000230886017686	0.000230886017686	0.000230886017686	-3.40282346639e+38	-3.40282346639e+38	
-3.40282346639e+38	0.000230886017772	0.000230886017772	0.000230886017772	0.000230886017772	0.000230886017772	0.000230886017772	0.000230886017772	0.000230886017772	-3.40282346639e+38	-3.40282346639e+38	
-3.40282346639e+38	0.000230886017846	0.000230886017846	0.000230886017846	0.000230886017846	0.000230886017846	0.000230886017846	0.000230886017846	0.000230886017846	-3.40282346639e+38	-3.40282346639e+38	
-3.40282346639e+38	0.000230886017909	0.000230886017909	0.000230886017909	0.000230886017909	0.000230886017909	0.000230886017909	0.000230886017909	0.000230886017909	-3.40282346639e+38	-3.40282346639e+38	
-3.40282346639e+38	0.000230886017964	0.000230886017964	0.000230886017964	0.000230886017964	0.000230886017964	0.000230886017964	0.000230886017964	0.000230886017964	-3.40282346639e+38	-3.40282346639e+38	
-3.40282346639e+38	0.000230886018011	0.000230886018011	0.000230886018011	0.000230886018011	0.000230886018011	0.000230886018011	0.000230886018011	0.000230886018011	-3.40282346639e+38	-3.40282346639e+38	
-3.40282346639e+38	0.000230886018051	0.000230886018051	0.000230886018051	0.000230886018051	0.000230886018051	0.000230886018051	0.000230886018051	0.000230886018051	-3.40282346639e+38	-3.40282346639e+38	
-3.40282346639e+38	0.000230886018086	0.000230886018086	0.000230886018086	0.000230886018086	0.000230886018086	0.000230886018086	0.000230886018086	0.000230886018086	-3.40282346639e+38	-3.40282346639e+38	
-3.40282346639e+38	0.000230886018116	0.000230886018116	0.000230886018116	0.000230886018116	0.000230886018116	0.000230886018116	0.000230886018116	0.000230886018116	-3.40282346639e+38	-3.40282346639e+38	
-3.40282346639e+38	0.000230886018142	0.000230886018142	0.000230886018142	0.000230886018142	0.000230886018142	0.000230886018142	0.000230886018142	0.000230886018142	-3.40282346639e+38	-3.40282346639e+38	
-3.40282346639e+38	0.000230886018164	0.000230886018164	0.000230886018164	0.000230886018164	0.000230886018164	0.000230886018164	0.000230886018164	0.000230886018164	-3.40282346639e+38	-3.40282346639e+38	
-3.40282346639e+38	0.000230886018184	0.000230886018184	0.000230886018184	0.000230886018184	0.000230886018184	0.000230886018184	0.000230886018184	0.000230886018184	-3.40282346639e+38	-3.40282346639e+38	
-3.40282346639e+38	0.0002308860182	0.0002308860182	0.0002308860182	0.0002308860182	0.0002308860182	0.0002308860182	0.0002308860182	0.0002308860182	-3.40282346639e+38	-3.40282346639e+38	
-3.40282346639e+38	0.000230886018215	0.000230886018215	0.000230886018215	0.000230886018215	0.000230886018215	0.000230886018215	0.000230886018215	0.000230886018215	-3.40282346639e+38	-3.40282346639e+38	
-3.40282346639e+38	0.000230886018227	0.000230886018227	0.000230886018227	0.000230886018227	0.000230886018227	0.000230886018227	0.000230886018227	0.000230886018227	-3.40282346639e+38	-3.40282346639e+38	
-3.40282346639e+38	0.000230886018238	0.000230886018238	0.000230886018238	0.000230886018238	0.000230886018238	0.000230886018238	0.000230886018238	0.000230886018238	-3.40282346639e+38	-3.40282346639e+38	
-3.40282346639e+38	0.000230886018248	0.000230886018248	0.000230886018248	0.000230886018248	0.000230886018248	0.000230886018248	0.000230886018248	0.000230886018248	-3.40282346639e+38	-3.40282346639e+38	
-3.40282346639e+38	0.000230886018256	0.000230886018256	0.000230886018256	0.000230886018256	0.000230886018256	0.000230886018256	0.000230886018256	0.000230886018256	-3.40282346639e+38	-3.40282346639e+38	
-3.40282346639e+38	0.000230886018263	0.000230886018263	0.000230886018263	0.000230886018263	0.000230886018263	0.000230886018263	0.000230886018263	0.000230886018263	-3.40282346639e+38	-3.40282346639e+38	
-3.40282346639e+38	0.000230886018269	0.000230886018269	0.000230886018269	0.000230886018269	0.000230886018269	0.000230886018269	0.000230886018269	0.000230886018269	-3.40282346639e+38	-3.40282346639e+38	
-3.40282346639e+38	0.000230886018274	0.000230886018274	0.000230886018274	0.000230886018274	0.000230886018274	0.000230886018274	0.000230886018274	0.000230886018274	-3.40282346639e+38	-3.40282346639e+38	
-3.40282346639e+38	0.000230886018279	0.000230886018279	0.000230886018279	0.000230886018279	0.000230886018279	0.000230886018279	0.000230886018279	0.000230886018279	-3.40282346639e+38	-3.40282346639e+38	
-3.40282346639e+38	0.000230886018283	0.000230886018283	0.000230886018283	0.000230886018283	0.000230886018283	0.000230886018283	0.000230886018283	0.000230886018283	-3.40282346639e+38	-3.40282346639e+38	
-3.40282346639e+38	0.000230886018286	0.000230886018286	0.000230886018286	0.000230886018286	0.000230886018286	0.000230886018286	0.000230886018286	0.000230886018286	-3.40282346639e+38	-3.40282346639e+38	
-3.40282346639e+38	0.000230886018289	0.000230886018289	0.000230886018289	0.000230886018289	0.000230886018289	0.000230886018289	0.000230886018289	0.000230886018289	-3.40282346639e+38	-3.40282346639e+38	
-3.40282346639e+38	0.000230886018292	0.000230886018292	0.000230886018292	0.000230886018292	0.000230886018292	0.000230886018292	0.000230886018292	0.000230886018292	-3.40282346639e+38	-3.40282346639e+38	
-3.40282346639e+38	0.000230886018294	0.000230886018294	0.000230886018294	0.000230886018294	0.000230886018294	0.000230886018294	0.000230886018294	0.000230886018294	-3.40282346639e+38	-3.40282346639e+38	
-3.40282346639e+38	0.000230886018296	0.000230886018296	0.000230886018296	0.000230886018296	0.000230886018296	0.000230886018296	0.000230886018296	0.000230886018296	-3.40282346639e+38	-3.40282346639e+38	
-3.40282346639e+38	0.000230886018298	0.000230886018298	0.000230886018298	0.000230886018298	0.000230886018298	0.000230886018298	0.000230886018298	0.000230886018298	-3.40282346639e+38	-3.40282346639e+38	
-3.40282346639e+38	0.000230886018299	0.000230886018299	0.000230886018299	0.000230886018299	0.000230886018299	0.000230886018299	0.000230886018299	0.000230886018299	-3.40282346639e+38	-3.40282346639e+38	
-3.40282346639e+38	0.000230886018301	0.000230886018301	0.000230886018301	0.000230886018301	0.000230886018301	0.000230886018301	0.000230886018301	0.000230886018301	-3.40282346639e+38	-3.40282346639e+38	
-3.40282346639e+38	0.000230886018302	0.000230886018302	0.000230886018302	0.000230886018302	0.000230886018302	0.000230886018302	0.000230886018302	0.000230886018302	-3.40282346639e+38	-3.40282346639e+38	
-3.40282346639e+38	0.000230886018303	0.000230886018303	0.000230886018303	0.000230886018303	0.000230886018303	0.000230886018303	0.000230886018303	0.000230886018303	-3.40282346639e+38	-3.40282346639e+38	
-3.40282346639e+38	0.000230886018304	0.000230886018304	0.000230886018304	0.000230886018304	0.000230886018304	0.000230886018304	0.000230886018304	0.000230886018304	-3.40282346639e+38	-3.40282346639e+38	
-3.40282346639e+38	0.000230886018305	0.000230886018305	0.000230886018305	0.000230886018305	0.000230886018305	0.000230886018305	0.000230886018305	0.000230886018305	-3.40282346639e+38	-3.40282346639e+38	
-3.40282346639e+38	0.000230886018305	0.000230886018305	0.000230886018305	0.000230886018305	0.000230886018305	0.000230886018305	0.000230886018305	0.000230886018305	-3.40282346639e+38	-3.40282346639e+38	
-3.40282346639e+38	0.000230886018306	0.000230886018306	0.000230886018306	0.000230886018306	0.000230886018306	0.000230886018306	0.000230886018306	0.000230886018306	-3.40282346639e+38	-3.40282346639e+38	
-3.40282346639e+38	0.000230886018306	0.000230886018306	0.000230886018306	0.000230886018306	0.000230886018306	0.000230886018306	0.000230886018306	0.000230886018306	-3.40282346639e+38	-3.40282346639e+38	
-3.40282346639e+38	0.000230886018307	0.000230886018307	0.000230886018307	0.000230886018307	0.000230886018307	0.000230886018307	0.000230886018307	0.000230886018307	-3.40282346639e+38	-3.40282346639e+38	
-3.40282346639e+38	0.000230886018307	0.000230886018307	0.000230886018307	0.000230886018307	0.000230886018307	0.000230886018307	0.000230886018307	0.000230886018307	-3.40282346639e+38	-3.40282346639e+38	
-3.40282346639e+38	0.000230886018308	0.000230886018308	0.000230886018308	0.000230886018308	0.000230886018308	0.000230886018308	0.000230886018308	0.000230886018308	-3.40282346639e+38	-3.40282346639e+38	
-3.40282346639e+38	0.000230886018308	0.000230886018308	0.000230886018308	0.000230886018308	0.000230886018308	0.000230886018308	0.000230886018308	0.000230886018308	-3.40282346639e+38	-3.40282346639e+38	
-3.40282346639e+38	0.000230886018308	0.000230886018308	0.000230886018308	0.000230886018308	0.000230886018308	0.000230886018308	0.000230886018308	0.000230886018308	-3.40282346639e+38	-3.40282346639e+38	
-3.40282346639e+38	0.000230886018309	0.000230886018309	0.000230886018309	0.000230886018309	0.000230886018309	0.000230886018309	0.000230886018309	0.000230886018309	-3.40282346639e+38	-3.40282346639e+38	
-3.40282346639e+38	0.000230886018309	0.000230886018309	0.000230886018309	0.000230886018309	0.000230886018309	0.000230886018309	0.000230886018309	0.000230886018309	-3.40282346639e+38	-3.40282346639e+38	
-3.40282346639e+38	0.000230886018309	0.000230886018309	0.000230886018309	0.000230886018309	0.000230886018309	0.000230886018309	0.000230886018309	0.000230886018309	-3.40282346639e+38	-3.40282346639e+38	
-3.40282346639e+38	0.000230886018309	0.000230886018309	0.000230886018309	0.000230886018309	0.000230886018309	0.000230886018309	0.000230886018309	0.000230886018309	-3.40282346639e+38	-3.40282346639e+38	
-3.40282346639e+38	0.000230886018309	0.000230886018309	0.000230886018309	0.000230886018309	0.000230886018309	0.000230886018309	0.000230886018309	0.000230886018309	-3.40282346639e+38	-3.40282346639e+38	
-3.40282346639e+38	0.000230886018309	0.000230886018309	0.000230886018309	0.000230886018309	0.000230886018309	0.000230886018309	0.000230886018309	0.000230886018309	-3.40282346639e+38	-3.40282346639e+38	
-3.40282346639e+38	0.00023088601831	0.00023088601831	0.00023088601831	0.00023088601831	0.00023088601831	0.00023088601831	0.00023088601831	0.00023088601831	-3.40282346639e+38	-3.40282346639e+38	
-3.40282346639e+38	0.00023088601831	0.00023088601831	0.00023088601831	0.00023088601831	0.00023088601831	0.00023088601831	0.00023088601831	0.00023088601831	-3.40282346639e+38	-3.40282346639e+38	
-3.40282346639e+38	0.00023088601831	0.00023088601831	0.00023088601831	0.00023088601831	0.00023088601831	0.00023088601831	0.00023088601831	0.00023088601831	-3.40282346639e+38	-3.40282346639e+38	
-3.40282346639e+38	0.00023088601831	0.00023088601831	0.00023088601831	0.00023088601831	0.00023088601831	0.00023088601831	0.00023088601831	0.00023088601831	-3.40282346639e+38	-3.40282346639e+38	
-3.40282346639e+38	0.00023088601831	0.00023088601831	0.00023088601831	0.00023088601831	0.00023088601831	0.00023088601831	0.00023088601831	0.00023088601831	-3.40282346639e+38	-3.40282346639e+38	
-3.40282346639e+38	0.00023088601831	0.00023088601831	0.00023088601831	0.00023088601831	0.00023088601831	0.00023088601831	0.00023088601831	0.00023088601831	-3.40282346639e+38	-3.40282346639e+38	
-3.40282346639e+38	0.00023088601831	0.00023088601831	0.00023088601831	0.00023088601831	0.00023088601831	0.00023088601831	0.00023088601831	0.00023088601831	-3.40282346639e+38	-3.40282346639e+38	
-3.40282346639e+38	0.00023088601831	0.00023088601831	0.00023088601831	0.00023088601831	0.00023088601831	0.00023088601831	0.00023088601831	0.00023088601831	-3.40282346639e+38	-3.40282346639e+38	
-3.40282346639e+38	0.00023088601831	0.00023088601831	0.00023088601831	0.00023088601831	0.00023088601831	0.00023088601831	0.00023088601831	0.00023088601831	-3.40282346639e+38	-3.40282346639e+38	
-3.40282346639e+38	0.00023088601831	0.00023088601831	0.00023088601831	0.00023088601831	0.00023088601831	0.00023088601831	0.00023088601831	0.00023088601831	-3.40282346639e+38	-3.40282346639e+38	
-3.40282346639e+38	0.00023088601831	0.00023088601831	0.00023088601831	0.00023088601831	0.00023088601831	0.00023088601831	0.00023088601831	0.00023088601831	-3.40282346639e+38	-3.40282346639e+38	
-3.40282346639e+38	0.00023088601831	0.00023088601831	0.00023088601831	0.00023088601831	0.00023088601831	0.00023088601831	0.00023088601831	0.00023088601831	-3.40282346639e+38	-3.40282346639e+38	
-3.40282346639e+38	-3.40282346639e+38	-3.40282346639e+38	-3.40282346639e+38	-3.40282346639e+38	-3.40282346639e+38	-3.40282346639e+38	-3.40282346639e+38	-3.40282346639e+38	-3.40282346639e+38	-3.40282346639e+38	
