out/0000000044h.asc
ncols 11
nrows 101
xllcorner -0.5
yllcorner -0.5
cellsize 1.0
nodata_value -3.40282346639e+38
-3.40282346639e+38	-3.40282346639e+38	-3.40282346639e+38	-3.40282346639e+38	-3.40282346639e+38	-3.40282346639e+38	-3.40282346639e+38	-3.40282346639e+38	-3.40282346639e+38	-3.40282346639e+38	-3.40282346639e+38	
-3.40282346639e+38	-3.40282346639e+38	-3.40282346639e+38	-3.40282346639e+38	-3.40282346639e+38	-3.40282346639e+38	-3.40282346639e+38	-3.40282346639e+38	-3.40282346639e+38	-3.40282346639e+38	-3.40282346639e+38	
-3.40282346639e+38	0.00044605134509	0.00044605134509	0.00044605134509	0.00044605134509	0.00044605134509	0.00044605134509	0.00044605134509	0.00044605134509	-3.40282346639e+38	-3.40282346639e+38	
-3.40282346639e+38	0.000461203836616	0.000461203836616	0.000461203836616	0.000461203836616	0.000461203836616	0.000461203836616	0.000461203836616	0.000461203836616	-3.40282346639e+38	-3.40282346639e+38	
-3.40282346639e+38	0.000464473210005	0.000464473210005	0.000464473210005	0.000464473210005	0.000464473210005	0.000464473210005	0.000464473210005	0.000464473210005	-3.40282346639e+38	-3.40282346639e+38	
-3.40282346639e+38	0.000465056399658	0.000465056399658	0.000465056399658	0.000465056399658	0.000465056399658	0.000465056399658	0.000465056399658	0.000465056399658	-3.40282346639e+38	-3.40282346639e+38	
-3.40282346639e+38	0.000465144997493	0.000465144997493	0.000465144997493	0.000465144997493	0.000465144997493	0.000465144997493	0.000465144997493	0.000465144997493	-3.40282346639e+38	-3.40282346639e+38	
-3.40282346639e+38	0.000465156780665	0.000465156780665	0.000465156780665	0.000465156780665	0.000465156780665	0.000465156780665	0.000465156780665	0.000465156780665	-3.40282346639e+38	-3.40282346639e+38	
-3.40282346639e+38	0.00046515819067	0.00046515819067	0.00046515819067	0.00046515819067	0.00046515819067	0.00046515819067	0.00046515819067	0.00046515819067	-3.40282346639e+38	-3.40282346639e+38	
-3.40282346639e+38	0.000465158353082	0.000465158353082	0.000465158353082	0.000465158353082	0.000465158353082	0.000465158353082	0.000465158353082	0.000465158353082	-3.40282346639e+38	-3.40282346639e+38	
-3.40282346639e+38	0.000465158378343	0.000465158378343	0.000465158378343	0.000465158378343	0.000465158378343	0.000465158378343	0.000465158378343	0.000465158378343	-3.40282346639e+38	-3.40282346639e+38	
-3.40282346639e+38	0.000465158388592	0.000465158388592	0.000465158388592	0.000465158388592	0.000465158388592	0.000465158388592	0.000465158388592	0.000465158388592	-3.40282346639e+38	-3.40282346639e+38	
-3.40282346639e+38	0.000465158396296	0.000465158396296	0.000465158396296	0.000465158396296	0.000465158396296	0.000465158396296	0.000465158396296	0.000465158396296	-3.40282346639e+38	-3.40282346639e+38	
-3.40282346639e+38	0.00046515840278	0.00046515840278	0.00046515840278	0.00046515840278	0.00046515840278	0.00046515840278	0.00046515840278	0.00046515840278	-3.40282346639e+38	-3.40282346639e+38	
-3.40282346639e+38	0.000465158408305	0.000465158408305	0.000465158408305	0.000465158408305	0.000465158408305	0.000465158408305	0.000465158408305	0.000465158408305	-3.40282346639e+38	-3.40282346639e+38	
-3.40282346639e+38	0.000465158413017	0.000465158413017	0.000465158413017	0.000465158413017	0.000465158413017	0.000465158413017	0.000465158413017	0.000465158413017	-3.40282346639e+38	-3.40282346639e+38	
-3.40282346639e+38	0.000465158417036	0.000465158417036	0.000465158417036	0.000465158417036	0.000465158417036	0.000465158417036	0.000465158417036	0.000465158417036	-3.40282346639e+38	-3.40282346639e+38	
-3.40282346639e+38	0.000465158420463	0.000465158420463	0.000465158420463	0.000465158420463	0.000465158420463	0.000465158420463	0.000465158420463	0.000465158420463	-3.40282346639e+38	-3.40282346639e+38	
-3.40282346639e+38	0.000465158423386	0.000465158423386	0.000465158423386	0.000465158423386	0.000465158423386	0.000465158423386	0.000465158423386	0.000465158423386	-3.40282346639e+38	-3.40282346639e+38	
-3.40282346639e+38	0.000465158425879	0.000465158425879	0.000465158425879	0.000465158425879	0.000465158425879	0.000465158425879	0.000465158425879	0.000465158425879	-3.40282346639e+38	-3.40282346639e+38	
-3.40282346639e+38	0.000465158428005	0.000465158428005	0.000465158428005	0.000465158428005	0.000465158428005	0.000465158428005	0.000465158428005	0.000465158428005	-3.40282346639e+38	-3.40282346639e+38	
-3.40282346639e+38	0.00046515842982	0.00046515842982	0.00046515842982	0.00046515842982	0.00046515842982	0.00046515842982	0.00046515842982	0.00046515842982	-3.40282346639e+38	-3.40282346639e+38	
-3.40282346639e+38	0.000465158431367	0.000465158431367	0.000465158431367	0.000465158431367	0.000465158431367	0.000465158431367	0.000465158431367	0.000465158431367	-3.40282346639e+38	-3.40282346639e+38	
-3.40282346639e+38	0.000465158432689	0.000465158432689	0.000465158432689	0.000465158432689	0.000465158432689	0.000465158432689	0.000465158432689	0.000465158432689	-3.40282346639e+38	-3.40282346639e+38	
-3.40282346639e+38	0.000465158433816	0.000465158433816	0.000465158433816	0.000465158433816	0.000465158433816	0.000465158433816	0.000465158433816	0.000465158433816	-3.40282346639e+38	-3.40282346639e+38	
-3.40282346639e+38	0.00046515843478	0.00046515843478	0.00046515843478	0.00046515843478	0.00046515843478	0.00046515843478	0.00046515843478	0.00046515843478	-3.40282346639e+38	-3.40282346639e+38	
-3.40282346639e+38	0.000465158435602	0.000465158435602	0.000465158435602	0.000465158435602	0.000465158435602	0.000465158435602	0.000465158435602	0.000465158435602	-3.40282346639e+38	-3.40282346639e+38	
-3.40282346639e+38	0.000465158436305	0.000465158436305	0.000465158436305	0.000465158436305	0.000465158436305	0.000465158436305	0.000465158436305	0.000465158436305	-3.40282346639e+38	-3.40282346639e+38	
-3.40282346639e+38	0.000465158436906	0.000465158436906	0.000465158436906	0.000465158436906	0.000465158436906	0.000465158436906	0.000465158436906	0.000465158436906	-3.40282346639e+38	-3.40282346639e+38	
-3.40282346639e+38	0.00046515843742	0.00046515843742	0.00046515843742	0.00046515843742	0.00046515843742	0.00046515843742	0.00046515843742	0.00046515843742	-3.40282346639e+38	-3.40282346639e+38	
-3.40282346639e+38	0.00046515843786	0.00046515843786	0.00046515843786	0.00046515843786	0.00046515843786	0.00046515843786	0.00046515843786	0.00046515843786	-3.40282346639e+38	-3.40282346639e+38	
-3.40282346639e+38	0.000465158438236	0.000465158438236	0.000465158438236	0.000465158438236	0.000465158438236	0.000465158438236	0.000465158438236	0.000465158438236	-3.40282346639e+38	-3.40282346639e+38	
-3.40282346639e+38	0.000465158438558	0.000465158438558	0.000465158438558	0.000465158438558	0.000465158438558	0.000465158438558	0.000465158438558	0.000465158438558	-3.40282346639e+38	-3.40282346639e+38	
-3.40282346639e+38	0.000465158438834	0.000465158438834	0.000465158438834	0.000465158438834	0.000465158438834	0.000465158438834	0.000465158438834	0.000465158438834	-3.40282346639e+38	-3.40282346639e+38	
-3.40282346639e+38	0.00046515843907	0.00046515843907	0.00046515843907	0.00046515843907	0.00046515843907	0.00046515843907	0.00046515843907	0.00046515843907	-3.40282346639e+38	-3.40282346639e+38	
-3.40282346639e+38	0.000465158439273	0.000465158439273	0.000465158439273	0.000465158439273	0.000465158439273	0.000465158439273	0.000465158439273	0.000465158439273	-3.40282346639e+38	-3.40282346639e+38	
-3.40282346639e+38	0.000465158439446	0.000465158439446	0.000465158439446	0.000465158439446	0.000465158439446	0.000465158439446	0.000465158439446	0.000465158439446	-3.40282346639e+38	-3.40282346639e+38	
-3.40282346639e+38	0.000465158439596	0.000465158439596	0.000465158439596	0.000465158439596	0.000465158439596	0.000465158439596	0.000465158439596	0.000465158439596	-3.40282346639e+38	-3.40282346639e+38	
-3.40282346639e+38	0.000465158439723	0.000465158439723	0.000465158439723	0.000465158439723	0.000465158439723	0.000465158439723	0.000465158439723	0.000465158439723	-3.40282346639e+38	-3.40282346639e+38	
-3.40282346639e+38	0.000465158439833	0.000465158439833	0.000465158439833	0.000465158439833	0.000465158439833	0.000465158439833	0.000465158439833	0.000465158439833	-3.40282346639e+38	-3.40282346639e+38	
-3.40282346639e+38	0.000465158439928	0.000465158439928	0.000465158439928	0.000465158439928	0.000465158439928	0.000465158439928	0.000465158439928	0.000465158439928	-3.40282346639e+38	-3.40282346639e+38	
-3.40282346639e+38	0.000465158440009	0.000465158440009	0.000465158440009	0.000465158440009	0.000465158440009	0.000465158440009	0.000465158440009	0.000465158440009	-3.40282346639e+38	-3.40282346639e+38	
-3.40282346639e+38	0.000465158440079	0.000465158440079	0.000465158440079	0.000465158440079	0.000465158440079	0.000465158440079	0.000465158440079	0.000465158440079	-3.40282346639e+38	-3.40282346639e+38	
-3.40282346639e+38	0.000465158440139	0.000465158440139	0.000465158440139	0.000465158440139	0.000465158440139	0.000465158440139	0.000465158440139	0.000465158440139	-3.40282346639e+38	-3.40282346639e+38	
-3.40282346639e+38	0.000465158440191	0.000465158440191	0.000465158440191	0.000465158440191	0.000465158440191	0.000465158440191	0.000465158440191	0.000465158440191	-3.40282346639e+38	-3.40282346639e+38	
-3.40282346639e+38	0.000465158440235	0.000465158440235	0.000465158440235	0.000465158440235	0.000465158440235	0.000465158440235	0.000465158440235	0.000465158440235	-3.40282346639e+38	-3.40282346639e+38	
-3.40282346639e+38	0.000465158440274	0.000465158440274	0.000465158440274	0.000465158440274	0.000465158440274	0.000465158440274	0.000465158440274	0.000465158440274	-3.40282346639e+38	-3.40282346639e+38	
-3.40282346639e+38	0.000465158440307	0.000465158440307	0.000465158440307	0.000465158440307	0.000465158440307	0.000465158440307	0.000465158440307	0.000465158440307	-3.40282346639e+38	-3.40282346639e+38	
-3.40282346639e+38	0.000465158440335	0.000465158440335	0.000465158440335	0.000465158440335	0.000465158440335	0.000465158440335	0.000465158440335	0.000465158440335	-3.40282346639e+38	-3.40282346639e+38	
-3.40282346639e+38	0.00046515844036	0.00046515844036	0.00046515844036	0.00046515844036	0.00046515844036	0.00046515844036	0.00046515844036	0.00046515844036	-3.40282346639e+38	-3.40282346639e+38	
-3.40282346639e+38	0.000465158440381	0.000465158440381	0.000465158440381	0.000465158440381	0.000465158440381	0.000465158440381	0.000465158440381	0.000465158440381	-3.40282346639e+38	-3.40282346639e+38	
-3.40282346639e+38	0.000465158440399	0.000465158440399	0.000465158440399	0.000465158440399	0.000465158440399	0.000465158440399	0.000465158440399	0.000465158440399	-3.40282346639e+38	-3.40282346639e+38	
-3.40282346639e+38	0.000465158440415	0.000465158440415	0.000465158440415	0.000465158440415	0.000465158440415	0.000465158440415	0.000465158440415	0.000465158440415	-3.40282346639e+38	-3.40282346639e+38	
-3.40282346639e+38	0.000465158440429	0.000465158440429	0.000465158440429	0.000465158440429	0.000465158440429	0.000465158440429	0.000465158440429	0.000465158440429	-3.40282346639e+38	-3.40282346639e+38	
-3.40282346639e+38	0.000465158440441	0.000465158440441	0.000465158440441	0.000465158440441	0.000465158440441	0.000465158440441	0.000465158440441	0.000465158440441	-3.40282346639e+38	-3.40282346639e+38	
-3.40282346639e+38	0.000465158440451	0.000465158440451	0.000465158440451	0.000465158440451	0.000465158440451	0.000465158440451	0.000465158440451	0.000465158440451	-3.40282346639e+38	-3.40282346639e+38	
-3.40282346639e+38	0.00046515844046	0.00046515844046	0.00046515844046	0.00046515844046	0.00046515844046	0.00046515844046	0.00046515844046	0.00046515844046	-3.40282346639e+38	-3.40282346639e+38	
-3.40282346639e+38	0.000465158440468	0.000465158440468	0.000465158440468	0.000465158440468	0.000465158440468	0.000465158440468	0.000465158440468	0.000465158440468	-3.40282346639e+38	-3.40282346639e+38	
-3.40282346639e+38	0.000465158440475	0.000465158440475	0.000465158440475	0.000465158440475	0.000465158440475	0.000465158440475	0.000465158440475	0.000465158440475	-3.40282346639e+38	-3.40282346639e+38	
-3.40282346639e+38	0.000465158440481	0.000465158440481	0.000465158440481	0.000465158440481	0.000465158440481	0.000465158440481	0.000465158440481	0.000465158440481	-3.40282346639e+38	-3.40282346639e+38	
-3.40282346639e+38	0.000465158440486	0.000465158440486	0.000465158440486	0.000465158440486	0.000465158440486	0.000465158440486	0.000465158440486	0.000465158440486	-3.40282346639e+38	-3.40282346639e+38	
-3.40282346639e+38	0.00046515844049	0.00046515844049	0.00046515844049	0.00046515844049	0.00046515844049	0.00046515844049	0.00046515844049	0.00046515844049	-3.40282346639e+38	-3.40282346639e+38	
-3.40282346639e+38	0.000465158440494	0.000465158440494	0.000465158440494	0.000465158440494	0.000465158440494	0.000465158440494	0.000465158440494	0.000465158440494	-3.40282346639e+38	-3.40282346639e+38	
-3.40282346639e+38	0.000465158440497	0.000465158440497	0.000465158440497	0.000465158440497	0.000465158440497	0.000465158440497	0.000465158440497	0.000465158440497	-3.40282346639e+38	-3.40282346639e+38	
-3.40282346639e+38	0.0004651584405	0.0004651584405	0.0004651584405	0.0004651584405	0.0004651584405	0.0004651584405	0.0004651584405	0.0004651584405	-3.40282346639e+38	-3.40282346639e+38	
-3.40282346639e+38	0.000465158440503	0.000465158440503	0.000465158440503	0.000465158440503	0.000465158440503	0.000465158440503	0.000465158440503	0.000465158440503	-3.40282346639e+38	-3.40282346639e+38	
-3.40282346639e+38	0.000465158440505	0.000465158440505	0.000465158440505	0.000465158440505	0.000465158440505	0.000465158440505	0.000465158440505	0.000465158440505	-3.40282346639e+38	-3.40282346639e+38	
-3.40282346639e+38	0.000465158440507	0.000465158440507	0.000465158440507	0.000465158440507	0.000465158440507	0.000465158440507	0.000465158440507	0.000465158440507	-3.40282346639e+38	-3.40282346639e+38	
-3.40282346639e+38	0.000465158440508	0.000465158440508	0.000465158440508	0.000465158440508	0.000465158440508	0.000465158440508	0.000465158440508	0.000465158440508	-3.40282346639e+38	-3.40282346639e+38	
-3.40282346639e+38	0.00046515844051	0.00046515844051	0.00046515844051	0.00046515844051	0.00046515844051	0.00046515844051	0.00046515844051	0.00046515844051	-3.40282346639e+38	-3.40282346639e+38	
-3.40282346639e+38	0.000465158440511	0.000465158440511	0.000465158440511	0.000465158440511	0.000465158440511	0.000465158440511	0.000465158440511	0.000465158440511	-3.40282346639e+38	-3.40282346639e+38	
-3.40282346639e+38	0.000465158440512	0.000465158440512	0.000465158440512	0.000465158440512	0.000465158440512	0.000465158440512	0.000465158440512	0.000465158440512	-3.40282346639e+38	-3.40282346639e+38	
-3.40282346639e+38	0.000465158440513	0.000465158440513	0.000465158440513	0.000465158440513	0.000465158440513	0.000465158440513	0.000465158440513	0.000465158440513	-3.40282346639e+38	-3.40282346639e+38	
-3.40282346639e+38	0.000465158440514	0.000465158440514	0.000465158440514	0.000465158440514	0.000465158440514	0.000465158440514	0.000465158440514	0.000465158440514	-3.40282346639e+38	-3.40282346639e+38	
-3.40282346639e+38	0.000465158440515	0.000465158440515	0.000465158440515	0.000465158440515	0.000465158440515	0.000465158440515	0.000465158440515	0.000465158440515	-3.40282346639e+38	-3.40282346639e+38	
-3.40282346639e+38	0.000465158440516	0.000465158440516	0.000465158440516	0.000465158440516	0.000465158440516	0.000465158440516	0.000465158440516	0.000465158440516	-3.40282346639e+38	-3.40282346639e+38	
-3.40282346639e+38	0.000465158440516	0.000465158440516	0.000465158440516	0.000465158440516	0.000465158440516	0.000465158440516	0.000465158440516	0.000465158440516	-3.40282346639e+38	-3.40282346639e+38	
-3.40282346639e+38	0.000465158440517	0.000465158440517	0.000465158440517	0.000465158440517	0.000465158440517	0.000465158440517	0.000465158440517	0.000465158440517	-3.40282346639e+38	-3.40282346639e+38	
-3.40282346639e+38	0.000465158440517	0.000465158440517	0.000465158440517	0.000465158440517	0.000465158440517	0.000465158440517	0.000465158440517	0.000465158440517	-3.40282346639e+38	-3.40282346639e+38	
-3.40282346639e+38	0.000465158440518	0.000465158440518	0.000465158440518	0.000465158440518	0.000465158440518	0.000465158440518	0.000465158440518	0.000465158440518	-3.40282346639e+38	-3.40282346639e+38	
-3.40282346639e+38	0.000465158440518	0.000465158440518	0.000465158440518	0.000465158440518	0.000465158440518	0.000465158440518	0.000465158440518	0.000465158440518	-3.40282346639e+38	-3.40282346639e+38	
-3.40282346639e+38	0.000465158440518	0.000465158440518	0.000465158440518	0.000465158440518	0.000465158440518	0.000465158440518	0.000465158440518	0.000465158440518	-3.40282346639e+38	-3.40282346639e+38	
-3.40282346639e+38	0.000465158440518	0.000465158440518	0.000465158440518	0.000465158440518	0.000465158440518	0.000465158440518	0.000465158440518	0.000465158440518	-3.40282346639e+38	-3.40282346639e+38	
-3.40282346639e+38	0.000465158440519	0.000465158440519	0.000465158440519	0.000465158440519	0.000465158440519	0.000465158440519	0.000465158440519	0.000465158440519	-3.40282346639e+38	-3.40282346639e+38	
-3.40282346639e+38	0.000465158440519	0.000465158440519	0.000465158440519	0.000465158440519	0.000465158440519	0.000465158440519	0.000465158440519	0.000465158440519	-3.40282346639e+38	-3.40282346639e+38	
-3.40282346639e+38	0.000465158440519	0.000465158440519	0.000465158440519	0.000465158440519	0.000465158440519	0.000465158440519	0.000465158440519	0.000465158440519	-3.40282346639e+38	-3.40282346639e+38	
-3.40282346639e+38	0.000465158440519	0.000465158440519	0.000465158440519	0.000465158440519	0.000465158440519	0.000465158440519	0.000465158440519	0.000465158440519	-3.40282346639e+38	-3.40282346639e+38	
-3.40282346639e+38	0.000465158440519	0.000465158440519	0.000465158440519	0.000465158440519	0.000465158440519	0.000465158440519	0.000465158440519	0.000465158440519	-3.40282346639e+38	-3.40282346639e+38	
-3.40282346639e+38	0.00046515844052	0.00046515844052	0.00046515844052	0.00046515844052	0.00046515844052	0.00046515844052	0.00046515844052	0.00046515844052	-3.40282346639e+38	-3.40282346639e+38	
-3.40282346639e+38	0.00046515844052	0.00046515844052	0.00046515844052	0.00046515844052	0.00046515844052	0.00046515844052	0.00046515844052	0.00046515844052	-3.40282346639e+38	-3.40282346639e+38	
-3.40282346639e+38	0.00046515844052	0.00046515844052	0.00046515844052	0.00046515844052	0.00046515844052	0.00046515844052	0.00046515844052	0.00046515844052	-3.40282346639e+38	-3.40282346639e+38	
-3.40282346639e+38	0.00046515844052	0.00046515844052	0.00046515844052	0.00046515844052	0.00046515844052	0.00046515844052	0.00046515844052	0.00046515844052	-3.40282346639e+38	-3.40282346639e+38	
-3.40282346639e+38	0.00046515844052	0.00046515844052	0.00046515844052	0.00046515844052	0.00046515844052	0.00046515844052	0.00046515844052	0.00046515844052	-3.40282346639e+38	-3.40282346639e+38	
-3.40282346639e+38	0.00046515844052	0.00046515844052	0.00046515844052	0.00046515844052	0.00046515844052	0.00046515844052	0.00046515844052	0.00046515844052	-3.40282346639e+38	-3.40282346639e+38	
-3.40282346639e+38	0.00046515844052	0.00046515844052	0.00046515844052	0.00046515844052	0.00046515844052	0.00046515844052	0.00046515844052	0.00046515844052	-3.40282346639e+38	-3.40282346639e+38	
-3.40282346639e+38	0.00046515844052	0.00046515844052	0.00046515844052	0.00046515844052	0.00046515844052	0.00046515844052	0.00046515844052	0.00046515844052	-3.40282346639e+38	-3.40282346639e+38	
-3.40282346639e+38	0.00046515844052	0.00046515844052	0.00046515844052	0.00046515844052	0.00046515844052	0.00046515844052	0.00046515844052	0.00046515844052	-3.40282346639e+38	-3.40282346639e+38	
-3.40282346639e+38	0.00046515844052	0.00046515844052	0.00046515844052	0.00046515844052	0.00046515844052	0.00046515844052	0.00046515844052	0.00046515844052	-3.40282346639e+38	-3.40282346639e+38	
-3.40282346639e+38	0.00046515844052	0.00046515844052	0.00046515844052	0.00046515844052	0.00046515844052	0.00046515844052	0.00046515844052	0.00046515844052	-3.40282346639e+38	-3.40282346639e+38	
-3.40282346639e+38	0.00046515844052	0.00046515844052	0.00046515844052	0.00046515844052	0.00046515844052	0.00046515844052	0.00046515844052	0.00046515844052	-3.40282346639e+38	-3.40282346639e+38	
-3.40282346639e+38	-3.40282346639e+38	-3.40282346639e+38	-3.40282346639e+38	-3.40282346639e+38	-3.40282346639e+38	-3.40282346639e+38	-3.40282346639e+38	-3.40282346639e+38	-3.40282346639e+38	-3.40282346639e+38	
