out/0000000030h.asc
ncols 11
nrows 101
xllcorner -0.5
yllcorner -0.5
cellsize 1.0
nodata_value -3.40282346639e+38
-3.40282346639e+38	-3.40282346639e+38	-3.40282346639e+38	-3.40282346639e+38	-3.40282346639e+38	-3.40282346639e+38	-3.40282346639e+38	-3.40282346639e+38	-3.40282346639e+38	-3.40282346639e+38	-3.40282346639e+38	
-3.40282346639e+38	-3.40282346639e+38	-3.40282346639e+38	-3.40282346639e+38	-3.40282346639e+38	-3.40282346639e+38	-3.40282346639e+38	-3.40282346639e+38	-3.40282346639e+38	-3.40282346639e+38	-3.40282346639e+38	
-3.40282346639e+38	0.000303934311594	0.000303934311594	0.000303934311594	0.000303934311594	0.000303934311594	0.000303934311594	0.000303934311594	0.000303934311594	-3.40282346639e+38	-3.40282346639e+38	
-3.40282346639e+38	0.000307480949597	0.000307480949597	0.000307480949597	0.000307480949597	0.000307480949597	0.000307480949597	0.000307480949597	0.000307480949597	-3.40282346639e+38	-3.40282346639e+38	
-3.40282346639e+38	0.000307892084391	0.000307892084391	0.000307892084391	0.000307892084391	0.000307892084391	0.000307892084391	0.000307892084391	0.000307892084391	-3.40282346639e+38	-3.40282346639e+38	
-3.40282346639e+38	0.000307931176102	0.000307931176102	0.000307931176102	0.000307931176102	0.000307931176102	0.000307931176102	0.000307931176102	0.000307931176102	-3.40282346639e+38	-3.40282346639e+38	
-3.40282346639e+38	0.000307934360898	0.000307934360898	0.000307934360898	0.000307934360898	0.000307934360898	0.000307934360898	0.000307934360898	0.000307934360898	-3.40282346639e+38	-3.40282346639e+38	
-3.40282346639e+38	0.000307934601781	0.000307934601781	0.000307934601781	0.000307934601781	0.000307934601781	0.000307934601781	0.000307934601781	0.000307934601781	-3.40282346639e+38	-3.40282346639e+38	
-3.40282346639e+38	0.000307934629481	0.000307934629481	0.000307934629481	0.000307934629481	0.000307934629481	0.000307934629481	0.000307934629481	0.000307934629481	-3.40282346639e+38	-3.40282346639e+38	
-3.40282346639e+38	0.000307934641713	0.000307934641713	0.000307934641713	0.000307934641713	0.000307934641713	0.000307934641713	0.000307934641713	0.000307934641713	-3.40282346639e+38	-3.40282346639e+38	
-3.40282346639e+38	0.000307934651495	0.000307934651495	0.000307934651495	0.000307934651495	0.000307934651495	0.000307934651495	0.000307934651495	0.000307934651495	-3.40282346639e+38	-3.40282346639e+38	
-3.40282346639e+38	0.000307934659813	0.000307934659813	0.000307934659813	0.000307934659813	0.000307934659813	0.000307934659813	0.000307934659813	0.000307934659813	-3.40282346639e+38	-3.40282346639e+38	
-3.40282346639e+38	0.00030793466691	0.00030793466691	0.00030793466691	0.00030793466691	0.00030793466691	0.00030793466691	0.00030793466691	0.00030793466691	-3.40282346639e+38	-3.40282346639e+38	
-3.40282346639e+38	0.000307934672965	0.000307934672965	0.000307934672965	0.000307934672965	0.000307934672965	0.000307934672965	0.000307934672965	0.000307934672965	-3.40282346639e+38	-3.40282346639e+38	
-3.40282346639e+38	0.000307934678129	0.000307934678129	0.000307934678129	0.000307934678129	0.000307934678129	0.000307934678129	0.000307934678129	0.000307934678129	-3.40282346639e+38	-3.40282346639e+38	
-3.40282346639e+38	0.000307934682533	0.000307934682533	0.000307934682533	0.000307934682533	0.000307934682533	0.000307934682533	0.000307934682533	0.000307934682533	-3.40282346639e+38	-3.40282346639e+38	
-3.40282346639e+38	0.000307934686288	0.000307934686288	0.000307934686288	0.000307934686288	0.000307934686288	0.000307934686288	0.000307934686288	0.000307934686288	-3.40282346639e+38	-3.40282346639e+38	
-3.40282346639e+38	0.00030793468949	0.00030793468949	0.00030793468949	0.00030793468949	0.00030793468949	0.00030793468949	0.00030793468949	0.00030793468949	-3.40282346639e+38	-3.40282346639e+38	
-3.40282346639e+38	0.00030793469222	0.00030793469222	0.00030793469222	0.00030793469222	0.00030793469222	0.00030793469222	0.00030793469222	0.00030793469222	-3.40282346639e+38	-3.40282346639e+38	
-3.40282346639e+38	0.000307934694548	0.000307934694548	0.000307934694548	0.000307934694548	0.000307934694548	0.000307934694548	0.000307934694548	0.000307934694548	-3.40282346639e+38	-3.40282346639e+38	
-3.40282346639e+38	0.000307934696534	0.000307934696534	0.000307934696534	0.000307934696534	0.000307934696534	0.000307934696534	0.000307934696534	0.000307934696534	-3.40282346639e+38	-3.40282346639e+38	
-3.40282346639e+38	0.000307934698228	0.000307934698228	0.000307934698228	0.000307934698228	0.000307934698228	0.000307934698228	0.000307934698228	0.000307934698228	-3.40282346639e+38	-3.40282346639e+38	
-3.40282346639e+38	0.000307934699673	0.000307934699673	0.000307934699673	0.000307934699673	0.000307934699673	0.000307934699673	0.000307934699673	0.000307934699673	-3.40282346639e+38	-3.40282346639e+38	
-3.40282346639e+38	0.000307934700906	0.000307934700906	0.000307934700906	0.000307934700906	0.000307934700906	0.000307934700906	0.000307934700906	0.000307934700906	-3.40282346639e+38	-3.40282346639e+38	
-3.40282346639e+38	0.000307934701959	0.000307934701959	0.000307934701959	0.000307934701959	0.000307934701959	0.000307934701959	0.000307934701959	0.000307934701959	-3.40282346639e+38	-3.40282346639e+38	
-3.40282346639e+38	0.000307934702858	0.000307934702858	0.000307934702858	0.000307934702858	0.000307934702858	0.000307934702858	0.000307934702858	0.000307934702858	-3.40282346639e+38	-3.40282346639e+38	
-3.40282346639e+38	0.000307934703625	0.000307934703625	0.000307934703625	0.000307934703625	0.000307934703625	0.000307934703625	0.000307934703625	0.000307934703625	-3.40282346639e+38	-3.40282346639e+38	
-3.40282346639e+38	0.000307934704282	0.000307934704282	0.000307934704282	0.000307934704282	0.000307934704282	0.000307934704282	0.000307934704282	0.000307934704282	-3.40282346639e+38	-3.40282346639e+38	
-3.40282346639e+38	0.000307934704842	0.000307934704842	0.000307934704842	0.000307934704842	0.000307934704842	0.000307934704842	0.000307934704842	0.000307934704842	-3.40282346639e+38	-3.40282346639e+38	
-3.40282346639e+38	0.000307934705322	0.000307934705322	0.000307934705322	0.000307934705322	0.000307934705322	0.000307934705322	0.000307934705322	0.000307934705322	-3.40282346639e+38	-3.40282346639e+38	
-3.40282346639e+38	0.000307934705732	0.000307934705732	0.000307934705732	0.000307934705732	0.000307934705732	0.000307934705732	0.000307934705732	0.000307934705732	-3.40282346639e+38	-3.40282346639e+38	
-3.40282346639e+38	0.000307934706083	0.000307934706083	0.000307934706083	0.000307934706083	0.000307934706083	0.000307934706083	0.000307934706083	0.000307934706083	-3.40282346639e+38	-3.40282346639e+38	
-3.40282346639e+38	0.000307934706384	0.000307934706384	0.000307934706384	0.000307934706384	0.000307934706384	0.000307934706384	0.000307934706384	0.000307934706384	-3.40282346639e+38	-3.40282346639e+38	
-3.40282346639e+38	0.000307934706641	0.000307934706641	0.000307934706641	0.000307934706641	0.000307934706641	0.000307934706641	0.000307934706641	0.000307934706641	-3.40282346639e+38	-3.40282346639e+38	
-3.40282346639e+38	0.000307934706862	0.000307934706862	0.000307934706862	0.000307934706862	0.000307934706862	0.000307934706862	0.000307934706862	0.000307934706862	-3.40282346639e+38	-3.40282346639e+38	
-3.40282346639e+38	0.000307934707051	0.000307934707051	0.000307934707051	0.000307934707051	0.000307934707051	0.000307934707051	0.000307934707051	0.000307934707051	-3.40282346639e+38	-3.40282346639e+38	
-3.40282346639e+38	0.000307934707213	0.000307934707213	0.000307934707213	0.000307934707213	0.000307934707213	0.000307934707213	0.000307934707213	0.000307934707213	-3.40282346639e+38	-3.40282346639e+38	
-3.40282346639e+38	0.000307934707352	0.000307934707352	0.000307934707352	0.000307934707352	0.000307934707352	0.000307934707352	0.000307934707352	0.000307934707352	-3.40282346639e+38	-3.40282346639e+38	
-3.40282346639e+38	0.000307934707471	0.000307934707471	0.000307934707471	0.000307934707471	0.000307934707471	0.000307934707471	0.000307934707471	0.000307934707471	-3.40282346639e+38	-3.40282346639e+38	
-3.40282346639e+38	0.000307934707574	0.000307934707574	0.000307934707574	0.000307934707574	0.000307934707574	0.000307934707574	0.000307934707574	0.000307934707574	-3.40282346639e+38	-3.40282346639e+38	
-3.40282346639e+38	0.000307934707662	0.000307934707662	0.000307934707662	0.000307934707662	0.000307934707662	0.000307934707662	0.000307934707662	0.000307934707662	-3.40282346639e+38	-3.40282346639e+38	
-3.40282346639e+38	0.000307934707738	0.000307934707738	0.000307934707738	0.000307934707738	0.000307934707738	0.000307934707738	0.000307934707738	0.000307934707738	-3.40282346639e+38	-3.40282346639e+38	
-3.40282346639e+38	0.000307934707803	0.000307934707803	0.000307934707803	0.000307934707803	0.000307934707803	0.000307934707803	0.000307934707803	0.000307934707803	-3.40282346639e+38	-3.40282346639e+38	
-3.40282346639e+38	0.000307934707859	0.000307934707859	0.000307934707859	0.000307934707859	0.000307934707859	0.000307934707859	0.000307934707859	0.000307934707859	-3.40282346639e+38	-3.40282346639e+38	
-3.40282346639e+38	0.000307934707907	0.000307934707907	0.000307934707907	0.000307934707907	0.000307934707907	0.000307934707907	0.000307934707907	0.000307934707907	-3.40282346639e+38	-3.40282346639e+38	
-3.40282346639e+38	0.000307934707949	0.000307934707949	0.000307934707949	0.000307934707949	0.000307934707949	0.000307934707949	0.000307934707949	0.000307934707949	-3.40282346639e+38	-3.40282346639e+38	
-3.40282346639e+38	0.000307934707985	0.000307934707985	0.000307934707985	0.000307934707985	0.000307934707985	0.000307934707985	0.000307934707985	0.000307934707985	-3.40282346639e+38	-3.40282346639e+38	
-3.40282346639e+38	0.000307934708015	0.000307934708015	0.000307934708015	0.000307934708015	0.000307934708015	0.000307934708015	0.000307934708015	0.000307934708015	-3.40282346639e+38	-3.40282346639e+38	
-3.40282346639e+38	0.000307934708042	0.000307934708042	0.000307934708042	0.000307934708042	0.000307934708042	0.000307934708042	0.000307934708042	0.000307934708042	-3.40282346639e+38	-3.40282346639e+38	
-3.40282346639e+38	0.000307934708065	0.000307934708065	0.000307934708065	0.000307934708065	0.000307934708065	0.000307934708065	0.000307934708065	0.000307934708065	-3.40282346639e+38	-3.40282346639e+38	
-3.40282346639e+38	0.000307934708085	0.000307934708085	0.000307934708085	0.000307934708085	0.000307934708085	0.000307934708085	0.000307934708085	0.000307934708085	-3.40282346639e+38	-3.40282346639e+38	
-3.40282346639e+38	0.000307934708102	0.000307934708102	0.000307934708102	0.000307934708102	0.000307934708102	0.000307934708102	0.000307934708102	0.000307934708102	-3.40282346639e+38	-3.40282346639e+38	
-3.40282346639e+38	0.000307934708117	0.000307934708117	0.000307934708117	0.000307934708117	0.000307934708117	0.000307934708117	0.000307934708117	0.000307934708117	-3.40282346639e+38	-3.40282346639e+38	
-3.40282346639e+38	0.00030793470813	0.00030793470813	0.00030793470813	0.00030793470813	0.00030793470813	0.00030793470813	0.00030793470813	0.00030793470813	-3.40282346639e+38	-3.40282346639e+38	
-3.40282346639e+38	0.000307934708141	0.000307934708141	0.000307934708141	0.000307934708141	0.000307934708141	0.000307934708141	0.000307934708141	0.000307934708141	-3.40282346639e+38	-3.40282346639e+38	
-3.40282346639e+38	0.00030793470815	0.00030793470815	0.00030793470815	0.00030793470815	0.00030793470815	0.00030793470815	0.00030793470815	0.00030793470815	-3.40282346639e+38	-3.40282346639e+38	
-3.40282346639e+38	0.000307934708159	0.000307934708159	0.000307934708159	0.000307934708159	0.000307934708159	0.000307934708159	0.000307934708159	0.000307934708159	-3.40282346639e+38	-3.40282346639e+38	
-3.40282346639e+38	0.000307934708166	0.000307934708166	0.000307934708166	0.000307934708166	0.000307934708166	0.000307934708166	0.000307934708166	0.000307934708166	-3.40282346639e+38	-3.40282346639e+38	
-3.40282346639e+38	0.000307934708172	0.000307934708172	0.000307934708172	0.000307934708172	0.000307934708172	0.000307934708172	0.000307934708172	0.000307934708172	-3.40282346639e+38	-3.40282346639e+38	
-3.40282346639e+38	0.000307934708178	0.000307934708178	0.000307934708178	0.000307934708178	0.000307934708178	0.000307934708178	0.000307934708178	0.000307934708178	-3.40282346639e+38	-3.40282346639e+38	
-3.40282346639e+38	0.000307934708182	0.000307934708182	0.000307934708182	0.000307934708182	0.000307934708182	0.000307934708182	0.000307934708182	0.000307934708182	-3.40282346639e+38	-3.40282346639e+38	
-3.40282346639e+38	0.000307934708187	0.000307934708187	0.000307934708187	0.000307934708187	0.000307934708187	0.000307934708187	0.000307934708187	0.000307934708187	-3.40282346639e+38	-3.40282346639e+38	
-3.40282346639e+38	0.00030793470819	0.00030793470819	0.00030793470819	0.00030793470819	0.00030793470819	0.00030793470819	0.00030793470819	0.00030793470819	-3.40282346639e+38	-3.40282346639e+38	
-3.40282346639e+38	0.000307934708193	0.000307934708193	0.000307934708193	0.000307934708193	0.000307934708193	0.000307934708193	0.000307934708193	0.000307934708193	-3.40282346639e+38	-3.40282346639e+38	
-3.40282346639e+38	0.000307934708196	0.000307934708196	0.000307934708196	0.000307934708196	0.000307934708196	0.000307934708196	0.000307934708196	0.000307934708196	-3.40282346639e+38	-3.40282346639e+38	
-3.40282346639e+38	0.000307934708198	0.000307934708198	0.000307934708198	0.000307934708198	0.000307934708198	0.000307934708198	0.000307934708198	0.000307934708198	-3.40282346639e+38	-3.40282346639e+38	
-3.40282346639e+38	0.0003079347082	0.0003079347082	0.0003079347082	0.0003079347082	0.0003079347082	0.0003079347082	0.0003079347082	0.0003079347082	-3.40282346639e+38	-3.40282346639e+38	
-3.40282346639e+38	0.000307934708202	0.000307934708202	0.000307934708202	0.000307934708202	0.000307934708202	0.000307934708202	0.000307934708202	0.000307934708202	-3.40282346639e+38	-3.40282346639e+38	
-3.40282346639e+38	0.000307934708204	0.000307934708204	0.000307934708204	0.000307934708204	0.000307934708204	0.000307934708204	0.000307934708204	0.000307934708204	-3.40282346639e+38	-3.40282346639e+38	
-3.40282346639e+38	0.000307934708205	0.000307934708205	0.000307934708205	0.000307934708205	0.000307934708205	0.000307934708205	0.000307934708205	0.000307934708205	-3.40282346639e+38	-3.40282346639e+38	
-3.40282346639e+38	0.000307934708206	0.000307934708206	0.000307934708206	0.000307934708206	0.000307934708206	0.000307934708206	0.000307934708206	0.000307934708206	-3.40282346639e+38	-3.40282346639e+38	
-3.40282346639e+38	0.000307934708207	0.000307934708207	0.000307934708207	0.000307934708207	0.000307934708207	0.000307934708207	0.000307934708207	0.000307934708207	-3.40282346639e+38	-3.40282346639e+38	
-3.40282346639e+38	0.000307934708208	0.000307934708208	0.000307934708208	0.000307934708208	0.000307934708208	0.000307934708208	0.000307934708208	0.000307934708208	-3.40282346639e+38	-3.40282346639e+38	
-3.40282346639e+38	0.000307934708209	0.000307934708209	0.000307934708209	0.000307934708209	0.000307934708209	0.000307934708209	0.000307934708209	0.000307934708209	-3.40282346639e+38	-3.40282346639e+38	
-3.40282346639e+38	0.00030793470821	0.00030793470821	0.00030793470821	0.00030793470821	0.00030793470821	0.00030793470821	0.00030793470821	0.00030793470821	-3.40282346639e+38	-3.40282346639e+38	
-3.40282346639e+38	0.00030793470821	0.00030793470821	0.00030793470821	0.00030793470821	0.00030793470821	0.00030793470821	0.00030793470821	0.00030793470821	-3.40282346639e+38	-3.40282346639e+38	
-3.40282346639e+38	0.000307934708211	0.000307934708211	0.000307934708211	0.000307934708211	0.000307934708211	0.000307934708211	0.000307934708211	0.000307934708211	-3.40282346639e+38	-3.40282346639e+38	
-3.40282346639e+38	0.000307934708211	0.000307934708211	0.000307934708211	0.000307934708211	0.000307934708211	0.000307934708211	0.000307934708211	0.000307934708211	-3.40282346639e+38	-3.40282346639e+38	
-3.40282346639e+38	0.000307934708212	0.000307934708212	0.000307934708212	0.000307934708212	0.000307934708212	0.000307934708212	0.000307934708212	0.000307934708212	-3.40282346639e+38	-3.40282346639e+38	
-3.40282346639e+38	0.000307934708212	0.000307934708212	0.000307934708212	0.000307934708212	0.000307934708212	0.000307934708212	0.000307934708212	0.000307934708212	-3.40282346639e+38	-3.40282346639e+38	
-3.40282346639e+38	0.000307934708213	0.000307934708213	0.000307934708213	0.000307934708213	0.000307934708213	0.000307934708213	0.000307934708213	0.000307934708213	-3.40282346639e+38	-3.40282346639e+38	
-3.40282346639e+38	0.000307934708213	0.000307934708213	0.000307934708213	0.000307934708213	0.000307934708213	0.000307934708213	0.000307934708213	0.000307934708213	-3.40282346639e+38	-3.40282346639e+38	
-3.40282346639e+38	0.000307934708213	0.000307934708213	0.000307934708213	0.000307934708213	0.000307934708213	0.000307934708213	0.000307934708213	0.000307934708213	-3.40282346639e+38	-3.40282346639e+38	
-3.40282346639e+38	0.000307934708213	0.000307934708213	0.000307934708213	0.000307934708213	0.000307934708213	0.000307934708213	0.000307934708213	0.000307934708213	-3.40282346639e+38	-3.40282346639e+38	
-3.40282346639e+38	0.000307934708214	0.000307934708214	0.000307934708214	0.000307934708214	0.000307934708214	0.000307934708214	0.000307934708214	0.000307934708214	-3.40282346639e+38	-3.40282346639e+38	
-3.40282346639e+38	0.000307934708214	0.000307934708214	0.000307934708214	0.000307934708214	0.000307934708214	0.000307934708214	0.000307934708214	0.000307934708214	-3.40282346639e+38	-3.40282346639e+38	
-3.40282346639e+38	0.000307934708214	0.000307934708214	0.000307934708214	0.000307934708214	0.000307934708214	0.000307934708214	0.000307934708214	0.000307934708214	-3.40282346639e+38	-3.40282346639e+38	
-3.40282346639e+38	0.000307934708214	0.000307934708214	0.000307934708214	0.000307934708214	0.000307934708214	0.000307934708214	0.000307934708214	0.000307934708214	-3.40282346639e+38	-3.40282346639e+38	
-3.40282346639e+38	0.000307934708214	0.000307934708214	0.000307934708214	0.000307934708214	0.000307934708214	0.000307934708214	0.000307934708214	0.000307934708214	-3.40282346639e+38	-3.40282346639e+38	
-3.40282346639e+38	0.000307934708214	0.000307934708214	0.000307934708214	0.000307934708214	0.000307934708214	0.000307934708214	0.000307934708214	0.000307934708214	-3.40282346639e+38	-3.40282346639e+38	
-3.40282346639e+38	0.000307934708214	0.000307934708214	0.000307934708214	0.000307934708214	0.000307934708214	0.000307934708214	0.000307934708214	0.000307934708214	-3.40282346639e+38	-3.40282346639e+38	
-3.40282346639e+38	0.000307934708214	0.000307934708214	0.000307934708214	0.000307934708214	0.000307934708214	0.000307934708214	0.000307934708214	0.000307934708214	-3.40282346639e+38	-3.40282346639e+38	
-3.40282346639e+38	0.000307934708214	0.000307934708214	0.000307934708214	0.000307934708214	0.000307934708214	0.000307934708214	0.000307934708214	0.000307934708214	-3.40282346639e+38	-3.40282346639e+38	
-3.40282346639e+38	0.000307934708215	0.000307934708215	0.000307934708215	0.000307934708215	0.000307934708215	0.000307934708215	0.000307934708215	0.000307934708215	-3.40282346639e+38	-3.40282346639e+38	
-3.40282346639e+38	0.000307934708215	0.000307934708215	0.000307934708215	0.000307934708215	0.000307934708215	0.000307934708215	0.000307934708215	0.000307934708215	-3.40282346639e+38	-3.40282346639e+38	
-3.40282346639e+38	0.000307934708215	0.000307934708215	0.000307934708215	0.000307934708215	0.000307934708215	0.000307934708215	0.000307934708215	0.000307934708215	-3.40282346639e+38	-3.40282346639e+38	
-3.40282346639e+38	0.000307934708215	0.000307934708215	0.000307934708215	0.000307934708215	0.000307934708215	0.000307934708215	0.000307934708215	0.000307934708215	-3.40282346639e+38	-3.40282346639e+38	
-3.40282346639e+38	0.000307934708215	0.000307934708215	0.000307934708215	0.000307934708215	0.000307934708215	0.000307934708215	0.000307934708215	0.000307934708215	-3.40282346639e+38	-3.40282346639e+38	
-3.40282346639e+38	0.000307934708215	0.000307934708215	0.000307934708215	0.000307934708215	0.000307934708215	0.000307934708215	0.000307934708215	0.000307934708215	-3.40282346639e+38	-3.40282346639e+38	
-3.40282346639e+38	0.000307934708215	0.000307934708215	0.000307934708215	0.000307934708215	0.000307934708215	0.000307934708215	0.000307934708215	0.000307934708215	-3.40282346639e+38	-3.40282346639e+38	
-3.40282346639e+38	-3.40282346639e+38	-3.40282346639e+38	-3.40282346639e+38	-3.40282346639e+38	-3.40282346639e+38	-3.40282346639e+38	-3.40282346639e+38	-3.40282346639e+38	-3.40282346639e+38	-3.40282346639e+38	
