out/0000000041h.asc
ncols 11
nrows 101
xllcorner -0.5
yllcorner -0.5
cellsize 1.0
nodata_value -3.40282346639e+38
-3.40282346639e+38	-3.40282346639e+38	-3.40282346639e+38	-3.40282346639e+38	-3.40282346639e+38	-3.40282346639e+38	-3.40282346639e+38	-3.40282346639e+38	-3.40282346639e+38	-3.40282346639e+38	-3.40282346639e+38	
-3.40282346639e+38	-3.40282346639e+38	-3.40282346639e+38	-3.40282346639e+38	-3.40282346639e+38	-3.40282346639e+38	-3.40282346639e+38	-3.40282346639e+38	-3.40282346639e+38	-3.40282346639e+38	-3.40282346639e+38	
-3.40282346639e+38	0.000416755168969	0.000416755168969	0.000416755168969	0.000416755168969	0.000416755168969	0.000416755168969	0.000416755168969	0.000416755168969	-3.40282346639e+38	-3.40282346639e+38	
-3.40282346639e+38	0.000428517776721	0.000428517776721	0.000428517776721	0.000428517776721	0.000428517776721	0.000428517776721	0.000428517776721	0.000428517776721	-3.40282346639e+38	-3.40282346639e+38	
-3.40282346639e+38	0.000430784953083	0.000430784953083	0.000430784953083	0.000430784953083	0.000430784953083	0.000430784953083	0.000430784953083	0.000430784953083	-3.40282346639e+38	-3.40282346639e+38	
-3.40282346639e+38	0.00043114516839	0.00043114516839	0.00043114516839	0.00043114516839	0.00043114516839	0.00043114516839	0.00043114516839	0.00043114516839	-3.40282346639e+38	-3.40282346639e+38	
-3.40282346639e+38	0.000431193901997	0.000431193901997	0.000431193901997	0.000431193901997	0.000431193901997	0.000431193901997	0.000431193901997	0.000431193901997	-3.40282346639e+38	-3.40282346639e+38	
-3.40282346639e+38	0.000431199683184	0.000431199683184	0.000431199683184	0.000431199683184	0.000431199683184	0.000431199683184	0.000431199683184	0.000431199683184	-3.40282346639e+38	-3.40282346639e+38	
-3.40282346639e+38	0.000431200306795	0.000431200306795	0.000431200306795	0.000431200306795	0.000431200306795	0.000431200306795	0.000431200306795	0.000431200306795	-3.40282346639e+38	-3.40282346639e+38	
-3.40282346639e+38	0.000431200377308	0.000431200377308	0.000431200377308	0.000431200377308	0.000431200377308	0.000431200377308	0.000431200377308	0.000431200377308	-3.40282346639e+38	-3.40282346639e+38	
-3.40282346639e+38	0.000431200392714	0.000431200392714	0.000431200392714	0.000431200392714	0.000431200392714	0.000431200392714	0.000431200392714	0.000431200392714	-3.40282346639e+38	-3.40282346639e+38	
-3.40282346639e+38	0.000431200401883	0.000431200401883	0.000431200401883	0.000431200401883	0.000431200401883	0.000431200401883	0.000431200401883	0.000431200401883	-3.40282346639e+38	-3.40282346639e+38	
-3.40282346639e+38	0.000431200409381	0.000431200409381	0.000431200409381	0.000431200409381	0.000431200409381	0.000431200409381	0.000431200409381	0.000431200409381	-3.40282346639e+38	-3.40282346639e+38	
-3.40282346639e+38	0.000431200415755	0.000431200415755	0.000431200415755	0.000431200415755	0.000431200415755	0.000431200415755	0.000431200415755	0.000431200415755	-3.40282346639e+38	-3.40282346639e+38	
-3.40282346639e+38	0.000431200421191	0.000431200421191	0.000431200421191	0.000431200421191	0.000431200421191	0.000431200421191	0.000431200421191	0.000431200421191	-3.40282346639e+38	-3.40282346639e+38	
-3.40282346639e+38	0.000431200425828	0.000431200425828	0.000431200425828	0.000431200425828	0.000431200425828	0.000431200425828	0.000431200425828	0.000431200425828	-3.40282346639e+38	-3.40282346639e+38	
-3.40282346639e+38	0.000431200429782	0.000431200429782	0.000431200429782	0.000431200429782	0.000431200429782	0.000431200429782	0.000431200429782	0.000431200429782	-3.40282346639e+38	-3.40282346639e+38	
-3.40282346639e+38	0.000431200433154	0.000431200433154	0.000431200433154	0.000431200433154	0.000431200433154	0.000431200433154	0.000431200433154	0.000431200433154	-3.40282346639e+38	-3.40282346639e+38	
-3.40282346639e+38	0.000431200436029	0.000431200436029	0.000431200436029	0.000431200436029	0.000431200436029	0.000431200436029	0.000431200436029	0.000431200436029	-3.40282346639e+38	-3.40282346639e+38	
-3.40282346639e+38	0.000431200438482	0.000431200438482	0.000431200438482	0.000431200438482	0.000431200438482	0.000431200438482	0.000431200438482	0.000431200438482	-3.40282346639e+38	-3.40282346639e+38	
-3.40282346639e+38	0.000431200440574	0.000431200440574	0.000431200440574	0.000431200440574	0.000431200440574	0.000431200440574	0.000431200440574	0.000431200440574	-3.40282346639e+38	-3.40282346639e+38	
-3.40282346639e+38	0.000431200442358	0.000431200442358	0.000431200442358	0.000431200442358	0.000431200442358	0.000431200442358	0.000431200442358	0.000431200442358	-3.40282346639e+38	-3.40282346639e+38	
-3.40282346639e+38	0.000431200443881	0.000431200443881	0.000431200443881	0.000431200443881	0.000431200443881	0.000431200443881	0.000431200443881	0.000431200443881	-3.40282346639e+38	-3.40282346639e+38	
-3.40282346639e+38	0.00043120044518	0.00043120044518	0.00043120044518	0.00043120044518	0.00043120044518	0.00043120044518	0.00043120044518	0.00043120044518	-3.40282346639e+38	-3.40282346639e+38	
-3.40282346639e+38	0.00043120044629	0.00043120044629	0.00043120044629	0.00043120044629	0.00043120044629	0.00043120044629	0.00043120044629	0.00043120044629	-3.40282346639e+38	-3.40282346639e+38	
-3.40282346639e+38	0.000431200447237	0.000431200447237	0.000431200447237	0.000431200447237	0.000431200447237	0.000431200447237	0.000431200447237	0.000431200447237	-3.40282346639e+38	-3.40282346639e+38	
-3.40282346639e+38	0.000431200448046	0.000431200448046	0.000431200448046	0.000431200448046	0.000431200448046	0.000431200448046	0.000431200448046	0.000431200448046	-3.40282346639e+38	-3.40282346639e+38	
-3.40282346639e+38	0.000431200448738	0.000431200448738	0.000431200448738	0.000431200448738	0.000431200448738	0.000431200448738	0.000431200448738	0.000431200448738	-3.40282346639e+38	-3.40282346639e+38	
-3.40282346639e+38	0.000431200449329	0.000431200449329	0.000431200449329	0.000431200449329	0.000431200449329	0.000431200449329	0.000431200449329	0.000431200449329	-3.40282346639e+38	-3.40282346639e+38	
-3.40282346639e+38	0.000431200449834	0.000431200449834	0.000431200449834	0.000431200449834	0.000431200449834	0.000431200449834	0.000431200449834	0.000431200449834	-3.40282346639e+38	-3.40282346639e+38	
-3.40282346639e+38	0.000431200450267	0.000431200450267	0.000431200450267	0.000431200450267	0.000431200450267	0.000431200450267	0.000431200450267	0.000431200450267	-3.40282346639e+38	-3.40282346639e+38	
-3.40282346639e+38	0.000431200450637	0.000431200450637	0.000431200450637	0.000431200450637	0.000431200450637	0.000431200450637	0.000431200450637	0.000431200450637	-3.40282346639e+38	-3.40282346639e+38	
-3.40282346639e+38	0.000431200450953	0.000431200450953	0.000431200450953	0.000431200450953	0.000431200450953	0.000431200450953	0.000431200450953	0.000431200450953	-3.40282346639e+38	-3.40282346639e+38	
-3.40282346639e+38	0.000431200451225	0.000431200451225	0.000431200451225	0.000431200451225	0.000431200451225	0.000431200451225	0.000431200451225	0.000431200451225	-3.40282346639e+38	-3.40282346639e+38	
-3.40282346639e+38	0.000431200451457	0.000431200451457	0.000431200451457	0.000431200451457	0.000431200451457	0.000431200451457	0.000431200451457	0.000431200451457	-3.40282346639e+38	-3.40282346639e+38	
-3.40282346639e+38	0.000431200451656	0.000431200451656	0.000431200451656	0.000431200451656	0.000431200451656	0.000431200451656	0.000431200451656	0.000431200451656	-3.40282346639e+38	-3.40282346639e+38	
-3.40282346639e+38	0.000431200451827	0.000431200451827	0.000431200451827	0.000431200451827	0.000431200451827	0.000431200451827	0.000431200451827	0.000431200451827	-3.40282346639e+38	-3.40282346639e+38	
-3.40282346639e+38	0.000431200451974	0.000431200451974	0.000431200451974	0.000431200451974	0.000431200451974	0.000431200451974	0.000431200451974	0.000431200451974	-3.40282346639e+38	-3.40282346639e+38	
-3.40282346639e+38	0.0004312004521	0.0004312004521	0.0004312004521	0.0004312004521	0.0004312004521	0.0004312004521	0.0004312004521	0.0004312004521	-3.40282346639e+38	-3.40282346639e+38	
-3.40282346639e+38	0.000431200452208	0.000431200452208	0.000431200452208	0.000431200452208	0.000431200452208	0.000431200452208	0.000431200452208	0.000431200452208	-3.40282346639e+38	-3.40282346639e+38	
-3.40282346639e+38	0.000431200452301	0.000431200452301	0.000431200452301	0.000431200452301	0.000431200452301	0.000431200452301	0.000431200452301	0.000431200452301	-3.40282346639e+38	-3.40282346639e+38	
-3.40282346639e+38	0.000431200452381	0.000431200452381	0.000431200452381	0.000431200452381	0.000431200452381	0.000431200452381	0.000431200452381	0.000431200452381	-3.40282346639e+38	-3.40282346639e+38	
-3.40282346639e+38	0.000431200452449	0.000431200452449	0.000431200452449	0.000431200452449	0.000431200452449	0.000431200452449	0.000431200452449	0.000431200452449	-3.40282346639e+38	-3.40282346639e+38	
-3.40282346639e+38	0.000431200452508	0.000431200452508	0.000431200452508	0.000431200452508	0.000431200452508	0.000431200452508	0.000431200452508	0.000431200452508	-3.40282346639e+38	-3.40282346639e+38	
-3.40282346639e+38	0.000431200452559	0.000431200452559	0.000431200452559	0.000431200452559	0.000431200452559	0.000431200452559	0.000431200452559	0.000431200452559	-3.40282346639e+38	-3.40282346639e+38	
-3.40282346639e+38	0.000431200452603	0.000431200452603	0.000431200452603	0.000431200452603	0.000431200452603	0.000431200452603	0.000431200452603	0.000431200452603	-3.40282346639e+38	-3.40282346639e+38	
-3.40282346639e+38	0.000431200452641	0.000431200452641	0.000431200452641	0.000431200452641	0.000431200452641	0.000431200452641	0.000431200452641	0.000431200452641	-3.40282346639e+38	-3.40282346639e+38	
-3.40282346639e+38	0.000431200452673	0.000431200452673	0.000431200452673	0.000431200452673	0.000431200452673	0.000431200452673	0.000431200452673	0.000431200452673	-3.40282346639e+38	-3.40282346639e+38	
-3.40282346639e+38	0.000431200452701	0.000431200452701	0.000431200452701	0.000431200452701	0.000431200452701	0.000431200452701	0.000431200452701	0.000431200452701	-3.40282346639e+38	-3.40282346639e+38	
-3.40282346639e+38	0.000431200452726	0.000431200452726	0.000431200452726	0.000431200452726	0.000431200452726	0.000431200452726	0.000431200452726	0.000431200452726	-3.40282346639e+38	-3.40282346639e+38	
-3.40282346639e+38	0.000431200452747	0.000431200452747	0.000431200452747	0.000431200452747	0.000431200452747	0.000431200452747	0.000431200452747	0.000431200452747	-3.40282346639e+38	-3.40282346639e+38	
-3.40282346639e+38	0.000431200452765	0.000431200452765	0.000431200452765	0.000431200452765	0.000431200452765	0.000431200452765	0.000431200452765	0.000431200452765	-3.40282346639e+38	-3.40282346639e+38	
-3.40282346639e+38	0.00043120045278	0.00043120045278	0.00043120045278	0.00043120045278	0.00043120045278	0.00043120045278	0.00043120045278	0.00043120045278	-3.40282346639e+38	-3.40282346639e+38	
-3.40282346639e+38	0.000431200452794	0.000431200452794	0.000431200452794	0.000431200452794	0.000431200452794	0.000431200452794	0.000431200452794	0.000431200452794	-3.40282346639e+38	-3.40282346639e+38	
-3.40282346639e+38	0.000431200452806	0.000431200452806	0.000431200452806	0.000431200452806	0.000431200452806	0.000431200452806	0.000431200452806	0.000431200452806	-3.40282346639e+38	-3.40282346639e+38	
-3.40282346639e+38	0.000431200452816	0.000431200452816	0.000431200452816	0.000431200452816	0.000431200452816	0.000431200452816	0.000431200452816	0.000431200452816	-3.40282346639e+38	-3.40282346639e+38	
-3.40282346639e+38	0.000431200452825	0.000431200452825	0.000431200452825	0.000431200452825	0.000431200452825	0.000431200452825	0.000431200452825	0.000431200452825	-3.40282346639e+38	-3.40282346639e+38	
-3.40282346639e+38	0.000431200452832	0.000431200452832	0.000431200452832	0.000431200452832	0.000431200452832	0.000431200452832	0.000431200452832	0.000431200452832	-3.40282346639e+38	-3.40282346639e+38	
-3.40282346639e+38	0.000431200452839	0.000431200452839	0.000431200452839	0.000431200452839	0.000431200452839	0.000431200452839	0.000431200452839	0.000431200452839	-3.40282346639e+38	-3.40282346639e+38	
-3.40282346639e+38	0.000431200452844	0.000431200452844	0.000431200452844	0.000431200452844	0.000431200452844	0.000431200452844	0.000431200452844	0.000431200452844	-3.40282346639e+38	-3.40282346639e+38	
-3.40282346639e+38	0.000431200452849	0.000431200452849	0.000431200452849	0.000431200452849	0.000431200452849	0.000431200452849	0.000431200452849	0.000431200452849	-3.40282346639e+38	-3.40282346639e+38	
-3.40282346639e+38	0.000431200452854	0.000431200452854	0.000431200452854	0.000431200452854	0.000431200452854	0.000431200452854	0.000431200452854	0.000431200452854	-3.40282346639e+38	-3.40282346639e+38	
-3.40282346639e+38	0.000431200452858	0.000431200452858	0.000431200452858	0.000431200452858	0.000431200452858	0.000431200452858	0.000431200452858	0.000431200452858	-3.40282346639e+38	-3.40282346639e+38	
-3.40282346639e+38	0.000431200452861	0.000431200452861	0.000431200452861	0.000431200452861	0.000431200452861	0.000431200452861	0.000431200452861	0.000431200452861	-3.40282346639e+38	-3.40282346639e+38	
-3.40282346639e+38	0.000431200452864	0.000431200452864	0.000431200452864	0.000431200452864	0.000431200452864	0.000431200452864	0.000431200452864	0.000431200452864	-3.40282346639e+38	-3.40282346639e+38	
-3.40282346639e+38	0.000431200452866	0.000431200452866	0.000431200452866	0.000431200452866	0.000431200452866	0.000431200452866	0.000431200452866	0.000431200452866	-3.40282346639e+38	-3.40282346639e+38	
-3.40282346639e+38	0.000431200452868	0.000431200452868	0.000431200452868	0.000431200452868	0.000431200452868	0.000431200452868	0.000431200452868	0.000431200452868	-3.40282346639e+38	-3.40282346639e+38	
-3.40282346639e+38	0.00043120045287	0.00043120045287	0.00043120045287	0.00043120045287	0.00043120045287	0.00043120045287	0.00043120045287	0.00043120045287	-3.40282346639e+38	-3.40282346639e+38	
-3.40282346639e+38	0.000431200452872	0.000431200452872	0.000431200452872	0.000431200452872	0.000431200452872	0.000431200452872	0.000431200452872	0.000431200452872	-3.40282346639e+38	-3.40282346639e+38	
-3.40282346639e+38	0.000431200452873	0.000431200452873	0.000431200452873	0.000431200452873	0.000431200452873	0.000431200452873	0.000431200452873	0.000431200452873	-3.40282346639e+38	-3.40282346639e+38	
-3.40282346639e+38	0.000431200452875	0.000431200452875	0.000431200452875	0.000431200452875	0.000431200452875	0.000431200452875	0.000431200452875	0.000431200452875	-3.40282346639e+38	-3.40282346639e+38	
-3.40282346639e+38	0.000431200452876	0.000431200452876	0.000431200452876	0.000431200452876	0.000431200452876	0.000431200452876	0.000431200452876	0.000431200452876	-3.40282346639e+38	-3.40282346639e+38	
-3.40282346639e+38	0.000431200452877	0.000431200452877	0.000431200452877	0.000431200452877	0.000431200452877	0.000431200452877	0.000431200452877	0.000431200452877	-3.40282346639e+38	-3.40282346639e+38	
-3.40282346639e+38	0.000431200452878	0.000431200452878	0.000431200452878	0.000431200452878	0.000431200452878	0.000431200452878	0.000431200452878	0.000431200452878	-3.40282346639e+38	-3.40282346639e+38	
-3.40282346639e+38	0.000431200452878	0.000431200452878	0.000431200452878	0.000431200452878	0.000431200452878	0.000431200452878	0.000431200452878	0.000431200452878	-3.40282346639e+38	-3.40282346639e+38	
-3.40282346639e+38	0.000431200452879	0.000431200452879	0.000431200452879	0.000431200452879	0.000431200452879	0.000431200452879	0.000431200452879	0.000431200452879	-3.40282346639e+38	-3.40282346639e+38	
-3.40282346639e+38	0.00043120045288	0.00043120045288	0.00043120045288	0.00043120045288	0.00043120045288	0.00043120045288	0.00043120045288	0.00043120045288	-3.40282346639e+38	-3.40282346639e+38	
-3.40282346639e+38	0.00043120045288	0.00043120045288	0.00043120045288	0.00043120045288	0.00043120045288	0.00043120045288	0.00043120045288	0.00043120045288	-3.40282346639e+38	-3.40282346639e+38	
-3.40282346639e+38	0.00043120045288	0.00043120045288	0.00043120045288	0.00043120045288	0.00043120045288	0.00043120045288	0.00043120045288	0.00043120045288	-3.40282346639e+38	-3.40282346639e+38	
-3.40282346639e+38	0.000431200452881	0.000431200452881	0.000431200452881	0.000431200452881	0.000431200452881	0.000431200452881	0.000431200452881	0.000431200452881	-3.40282346639e+38	-3.40282346639e+38	
-3.40282346639e+38	0.000431200452881	0.000431200452881	0.000431200452881	0.000431200452881	0.000431200452881	0.000431200452881	0.000431200452881	0.000431200452881	-3.40282346639e+38	-3.40282346639e+38	
-3.40282346639e+38	0.000431200452881	0.000431200452881	0.000431200452881	0.000431200452881	0.000431200452881	0.000431200452881	0.000431200452881	0.000431200452881	-3.40282346639e+38	-3.40282346639e+38	
-3.40282346639e+38	0.000431200452882	0.000431200452882	0.000431200452882	0.000431200452882	0.000431200452882	0.000431200452882	0.000431200452882	0.000431200452882	-3.40282346639e+38	-3.40282346639e+38	
-3.40282346639e+38	0.000431200452882	0.000431200452882	0.000431200452882	0.000431200452882	0.000431200452882	0.000431200452882	0.000431200452882	0.000431200452882	-3.40282346639e+38	-3.40282346639e+38	
-3.40282346639e+38	0.000431200452882	0.000431200452882	0.000431200452882	0.000431200452882	0.000431200452882	0.000431200452882	0.000431200452882	0.000431200452882	-3.40282346639e+38	-3.40282346639e+38	
-3.40282346639e+38	0.000431200452882	0.000431200452882	0.000431200452882	0.000431200452882	0.000431200452882	0.000431200452882	0.000431200452882	0.000431200452882	-3.40282346639e+38	-3.40282346639e+38	
-3.40282346639e+38	0.000431200452883	0.000431200452883	0.000431200452883	0.000431200452883	0.000431200452883	0.000431200452883	0.000431200452883	0.000431200452883	-3.40282346639e+38	-3.40282346639e+38	
-3.40282346639e+38	0.000431200452883	0.000431200452883	0.000431200452883	0.000431200452883	0.000431200452883	0.000431200452883	0.000431200452883	0.000431200452883	-3.40282346639e+38	-3.40282346639e+38	
-3.40282346639e+38	0.000431200452883	0.000431200452883	0.000431200452883	0.000431200452883	0.000431200452883	0.000431200452883	0.000431200452883	0.000431200452883	-3.40282346639e+38	-3.40282346639e+38	
-3.40282346639e+38	0.000431200452883	0.000431200452883	0.000431200452883	0.000431200452883	0.000431200452883	0.000431200452883	0.000431200452883	0.000431200452883	-3.40282346639e+38	-3.40282346639e+38	
-3.40282346639e+38	0.000431200452883	0.000431200452883	0.000431200452883	0.000431200452883	0.000431200452883	0.000431200452883	0.000431200452883	0.000431200452883	-3.40282346639e+38	-3.40282346639e+38	
-3.40282346639e+38	0.000431200452883	0.000431200452883	0.000431200452883	0.000431200452883	0.000431200452883	0.000431200452883	0.000431200452883	0.000431200452883	-3.40282346639e+38	-3.40282346639e+38	
-3.40282346639e+38	0.000431200452883	0.000431200452883	0.000431200452883	0.000431200452883	0.000431200452883	0.000431200452883	0.000431200452883	0.000431200452883	-3.40282346639e+38	-3.40282346639e+38	
-3.40282346639e+38	0.000431200452883	0.000431200452883	0.000431200452883	0.000431200452883	0.000431200452883	0.000431200452883	0.000431200452883	0.000431200452883	-3.40282346639e+38	-3.40282346639e+38	
-3.40282346639e+38	0.000431200452883	0.000431200452883	0.000431200452883	0.000431200452883	0.000431200452883	0.000431200452883	0.000431200452883	0.000431200452883	-3.40282346639e+38	-3.40282346639e+38	
-3.40282346639e+38	0.000431200452883	0.000431200452883	0.000431200452883	0.000431200452883	0.000431200452883	0.000431200452883	0.000431200452883	0.000431200452883	-3.40282346639e+38	-3.40282346639e+38	
-3.40282346639e+38	0.000431200452883	0.000431200452883	0.000431200452883	0.000431200452883	0.000431200452883	0.000431200452883	0.000431200452883	0.000431200452883	-3.40282346639e+38	-3.40282346639e+38	
-3.40282346639e+38	0.000431200452883	0.000431200452883	0.000431200452883	0.000431200452883	0.000431200452883	0.000431200452883	0.000431200452883	0.000431200452883	-3.40282346639e+38	-3.40282346639e+38	
-3.40282346639e+38	0.000431200452884	0.000431200452884	0.000431200452884	0.000431200452884	0.000431200452884	0.000431200452884	0.000431200452884	0.000431200452884	-3.40282346639e+38	-3.40282346639e+38	
-3.40282346639e+38	0.000431200452884	0.000431200452884	0.000431200452884	0.000431200452884	0.000431200452884	0.000431200452884	0.000431200452884	0.000431200452884	-3.40282346639e+38	-3.40282346639e+38	
-3.40282346639e+38	-3.40282346639e+38	-3.40282346639e+38	-3.40282346639e+38	-3.40282346639e+38	-3.40282346639e+38	-3.40282346639e+38	-3.40282346639e+38	-3.40282346639e+38	-3.40282346639e+38	-3.40282346639e+38	
