out/0000000010h.asc
ncols 11
nrows 101
xllcorner -0.5
yllcorner -0.5
cellsize 1.0
nodata_value -3.40282346639e+38
-3.40282346639e+38	-3.40282346639e+38	-3.40282346639e+38	-3.40282346639e+38	-3.40282346639e+38	-3.40282346639e+38	-3.40282346639e+38	-3.40282346639e+38	-3.40282346639e+38	-3.40282346639e+38	-3.40282346639e+38	
-3.40282346639e+38	-3.40282346639e+38	-3.40282346639e+38	-3.40282346639e+38	-3.40282346639e+38	-3.40282346639e+38	-3.40282346639e+38	-3.40282346639e+38	-3.40282346639e+38	-3.40282346639e+38	-3.40282346639e+38	
-3.40282346639e+38	9.32369298345e-05	9.32369298345e-05	9.32369298345e-05	9.32369298345e-05	9.32369298345e-05	9.32369298345e-05	9.32369298345e-05	9.32369298345e-05	-3.40282346639e+38	-3.40282346639e+38	
-3.40282346639e+38	9.32719836374e-05	9.32719836374e-05	9.32719836374e-05	9.32719836374e-05	9.32719836374e-05	9.32719836374e-05	9.32719836374e-05	9.32719836374e-05	-3.40282346639e+38	-3.40282346639e+38	
-3.40282346639e+38	9.32727111125e-05	9.32727111125e-05	9.32727111125e-05	9.32727111125e-05	9.32727111125e-05	9.32727111125e-05	9.32727111125e-05	9.32727111125e-05	-3.40282346639e+38	-3.40282346639e+38	
-3.40282346639e+38	9.32727430814e-05	9.32727430814e-05	9.32727430814e-05	9.32727430814e-05	9.32727430814e-05	9.32727430814e-05	9.32727430814e-05	9.32727430814e-05	-3.40282346639e+38	-3.40282346639e+38	
-3.40282346639e+38	9.32727604531e-05	9.32727604531e-05	9.32727604531e-05	9.32727604531e-05	9.32727604531e-05	9.32727604531e-05	9.32727604531e-05	9.32727604531e-05	-3.40282346639e+38	-3.40282346639e+38	
-3.40282346639e+38	9.32727751796e-05	9.32727751796e-05	9.32727751796e-05	9.32727751796e-05	9.32727751796e-05	9.32727751796e-05	9.32727751796e-05	9.32727751796e-05	-3.40282346639e+38	-3.40282346639e+38	
-3.40282346639e+38	9.32727877749e-05	9.32727877749e-05	9.32727877749e-05	9.32727877749e-05	9.32727877749e-05	9.32727877749e-05	9.32727877749e-05	9.32727877749e-05	-3.40282346639e+38	-3.40282346639e+38	
-3.40282346639e+38	9.32727985398e-05	9.32727985398e-05	9.32727985398e-05	9.32727985398e-05	9.32727985398e-05	9.32727985398e-05	9.32727985398e-05	9.32727985398e-05	-3.40282346639e+38	-3.40282346639e+38	
-3.40282346639e+38	9.32728077338e-05	9.32728077338e-05	9.32728077338e-05	9.32728077338e-05	9.32728077338e-05	9.32728077338e-05	9.32728077338e-05	9.32728077338e-05	-3.40282346639e+38	-3.40282346639e+38	
-3.40282346639e+38	9.32728155816e-05	9.32728155816e-05	9.32728155816e-05	9.32728155816e-05	9.32728155816e-05	9.32728155816e-05	9.32728155816e-05	9.32728155816e-05	-3.40282346639e+38	-3.40282346639e+38	
-3.40282346639e+38	9.32728222774e-05	9.32728222774e-05	9.32728222774e-05	9.32728222774e-05	9.32728222774e-05	9.32728222774e-05	9.32728222774e-05	9.32728222774e-05	-3.40282346639e+38	-3.40282346639e+38	
-3.40282346639e+38	9.32728279883e-05	9.32728279883e-05	9.32728279883e-05	9.32728279883e-05	9.32728279883e-05	9.32728279883e-05	9.32728279883e-05	9.32728279883e-05	-3.40282346639e+38	-3.40282346639e+38	
-3.40282346639e+38	9.3272832858e-05	9.3272832858e-05	9.3272832858e-05	9.3272832858e-05	9.3272832858e-05	9.3272832858e-05	9.3272832858e-05	9.3272832858e-05	-3.40282346639e+38	-3.40282346639e+38	
-3.40282346639e+38	9.32728370098e-05	9.32728370098e-05	9.32728370098e-05	9.32728370098e-05	9.32728370098e-05	9.32728370098e-05	9.32728370098e-05	9.32728370098e-05	-3.40282346639e+38	-3.40282346639e+38	
-3.40282346639e+38	9.32728405493e-05	9.32728405493e-05	9.32728405493e-05	9.32728405493e-05	9.32728405493e-05	9.32728405493e-05	9.32728405493e-05	9.32728405493e-05	-3.40282346639e+38	-3.40282346639e+38	
-3.40282346639e+38	9.32728435667e-05	9.32728435667e-05	9.32728435667e-05	9.32728435667e-05	9.32728435667e-05	9.32728435667e-05	9.32728435667e-05	9.32728435667e-05	-3.40282346639e+38	-3.40282346639e+38	
-3.40282346639e+38	9.32728461392e-05	9.32728461392e-05	9.32728461392e-05	9.32728461392e-05	9.32728461392e-05	9.32728461392e-05	9.32728461392e-05	9.32728461392e-05	-3.40282346639e+38	-3.40282346639e+38	
-3.40282346639e+38	9.32728483327e-05	9.32728483327e-05	9.32728483327e-05	9.32728483327e-05	9.32728483327e-05	9.32728483327e-05	9.32728483327e-05	9.32728483327e-05	-3.40282346639e+38	-3.40282346639e+38	
-3.40282346639e+38	9.32728502032e-05	9.32728502032e-05	9.32728502032e-05	9.32728502032e-05	9.32728502032e-05	9.32728502032e-05	9.32728502032e-05	9.32728502032e-05	-3.40282346639e+38	-3.40282346639e+38	
-3.40282346639e+38	9.32728517986e-05	9.32728517986e-05	9.32728517986e-05	9.32728517986e-05	9.32728517986e-05	9.32728517986e-05	9.32728517986e-05	9.32728517986e-05	-3.40282346639e+38	-3.40282346639e+38	
-3.40282346639e+38	9.32728531598e-05	9.32728531598e-05	9.32728531598e-05	9.32728531598e-05	9.32728531598e-05	9.32728531598e-05	9.32728531598e-05	9.32728531598e-05	-3.40282346639e+38	-3.40282346639e+38	
-3.40282346639e+38	9.32728543213e-05	9.32728543213e-05	9.32728543213e-05	9.32728543213e-05	9.32728543213e-05	9.32728543213e-05	9.32728543213e-05	9.32728543213e-05	-3.40282346639e+38	-3.40282346639e+38	
-3.40282346639e+38	9.32728553127e-05	9.32728553127e-05	9.32728553127e-05	9.32728553127e-05	9.32728553127e-05	9.32728553127e-05	9.32728553127e-05	9.32728553127e-05	-3.40282346639e+38	-3.40282346639e+38	
-3.40282346639e+38	9.32728561593e-05	9.32728561593e-05	9.32728561593e-05	9.32728561593e-05	9.32728561593e-05	9.32728561593e-05	9.32728561593e-05	9.32728561593e-05	-3.40282346639e+38	-3.40282346639e+38	
-3.40282346639e+38	9.32728568824e-05	9.32728568824e-05	9.32728568824e-05	9.32728568824e-05	9.32728568824e-05	9.32728568824e-05	9.32728568824e-05	9.32728568824e-05	-3.40282346639e+38	-3.40282346639e+38	
-3.40282346639e+38	9.32728575002e-05	9.32728575002e-05	9.32728575002e-05	9.32728575002e-05	9.32728575002e-05	9.32728575002e-05	9.32728575002e-05	9.32728575002e-05	-3.40282346639e+38	-3.40282346639e+38	
-3.40282346639e+38	9.32728580283e-05	9.32728580283e-05	9.32728580283e-05	9.32728580283e-05	9.32728580283e-05	9.32728580283e-05	9.32728580283e-05	9.32728580283e-05	-3.40282346639e+38	-3.40282346639e+38	
-3.40282346639e+38	9.32728584798e-05	9.32728584798e-05	9.32728584798e-05	9.32728584798e-05	9.32728584798e-05	9.32728584798e-05	9.32728584798e-05	9.32728584798e-05	-3.40282346639e+38	-3.40282346639e+38	
-3.40282346639e+38	9.3272858866e-05	9.3272858866e-05	9.3272858866e-05	9.3272858866e-05	9.3272858866e-05	9.3272858866e-05	9.3272858866e-05	9.3272858866e-05	-3.40282346639e+38	-3.40282346639e+38	
-3.40282346639e+38	9.32728591966e-05	9.32728591966e-05	9.32728591966e-05	9.32728591966e-05	9.32728591966e-05	9.32728591966e-05	9.32728591966e-05	9.32728591966e-05	-3.40282346639e+38	-3.40282346639e+38	
-3.40282346639e+38	9.32728594795e-05	9.32728594795e-05	9.32728594795e-05	9.32728594795e-05	9.32728594795e-05	9.32728594795e-05	9.32728594795e-05	9.32728594795e-05	-3.40282346639e+38	-3.40282346639e+38	
-3.40282346639e+38	9.32728597219e-05	9.32728597219e-05	9.32728597219e-05	9.32728597219e-05	9.32728597219e-05	9.32728597219e-05	9.32728597219e-05	9.32728597219e-05	-3.40282346639e+38	-3.40282346639e+38	
-3.40282346639e+38	9.32728599295e-05	9.32728599295e-05	9.32728599295e-05	9.32728599295e-05	9.32728599295e-05	9.32728599295e-05	9.32728599295e-05	9.32728599295e-05	-3.40282346639e+38	-3.40282346639e+38	
-3.40282346639e+38	9.32728601075e-05	9.32728601075e-05	9.32728601075e-05	9.32728601075e-05	9.32728601075e-05	9.32728601075e-05	9.32728601075e-05	9.32728601075e-05	-3.40282346639e+38	-3.40282346639e+38	
-3.40282346639e+38	9.32728602601e-05	9.32728602601e-05	9.32728602601e-05	9.32728602601e-05	9.32728602601e-05	9.32728602601e-05	9.32728602601e-05	9.32728602601e-05	-3.40282346639e+38	-3.40282346639e+38	
-3.40282346639e+38	9.32728603911e-05	9.32728603911e-05	9.32728603911e-05	9.32728603911e-05	9.32728603911e-05	9.32728603911e-05	9.32728603911e-05	9.32728603911e-05	-3.40282346639e+38	-3.40282346639e+38	
-3.40282346639e+38	9.32728605035e-05	9.32728605035e-05	9.32728605035e-05	9.32728605035e-05	9.32728605035e-05	9.32728605035e-05	9.32728605035e-05	9.32728605035e-05	-3.40282346639e+38	-3.40282346639e+38	
-3.40282346639e+38	9.32728606001e-05	9.32728606001e-05	9.32728606001e-05	9.32728606001e-05	9.32728606001e-05	9.32728606001e-05	9.32728606001e-05	9.32728606001e-05	-3.40282346639e+38	-3.40282346639e+38	
-3.40282346639e+38	9.3272860683e-05	9.3272860683e-05	9.3272860683e-05	9.3272860683e-05	9.3272860683e-05	9.3272860683e-05	9.3272860683e-05	9.3272860683e-05	-3.40282346639e+38	-3.40282346639e+38	
-3.40282346639e+38	9.32728607543e-05	9.32728607543e-05	9.32728607543e-05	9.32728607543e-05	9.32728607543e-05	9.32728607543e-05	9.32728607543e-05	9.32728607543e-05	-3.40282346639e+38	-3.40282346639e+38	
-3.40282346639e+38	9.32728608156e-05	9.32728608156e-05	9.32728608156e-05	9.32728608156e-05	9.32728608156e-05	9.32728608156e-05	9.32728608156e-05	9.32728608156e-05	-3.40282346639e+38	-3.40282346639e+38	
-3.40282346639e+38	9.32728608684e-05	9.32728608684e-05	9.32728608684e-05	9.32728608684e-05	9.32728608684e-05	9.32728608684e-05	9.32728608684e-05	9.32728608684e-05	-3.40282346639e+38	-3.40282346639e+38	
-3.40282346639e+38	9.32728609138e-05	9.32728609138e-05	9.32728609138e-05	9.32728609138e-05	9.32728609138e-05	9.32728609138e-05	9.32728609138e-05	9.32728609138e-05	-3.40282346639e+38	-3.40282346639e+38	
-3.40282346639e+38	9.3272860953e-05	9.3272860953e-05	9.3272860953e-05	9.3272860953e-05	9.3272860953e-05	9.3272860953e-05	9.3272860953e-05	9.3272860953e-05	-3.40282346639e+38	-3.40282346639e+38	
-3.40282346639e+38	9.32728609867e-05	9.32728609867e-05	9.32728609867e-05	9.32728609867e-05	9.32728609867e-05	9.32728609867e-05	9.32728609867e-05	9.32728609867e-05	-3.40282346639e+38	-3.40282346639e+38	
-3.40282346639e+38	9.32728610158e-05	9.32728610158e-05	9.32728610158e-05	9.32728610158e-05	9.32728610158e-05	9.32728610158e-05	9.32728610158e-05	9.32728610158e-05	-3.40282346639e+38	-3.40282346639e+38	
-3.40282346639e+38	9.32728610408e-05	9.32728610408e-05	9.32728610408e-05	9.32728610408e-05	9.32728610408e-05	9.32728610408e-05	9.32728610408e-05	9.32728610408e-05	-3.40282346639e+38	-3.40282346639e+38	
-3.40282346639e+38	9.32728610625e-05	9.32728610625e-05	9.32728610625e-05	9.32728610625e-05	9.32728610625e-05	9.32728610625e-05	9.32728610625e-05	9.32728610625e-05	-3.40282346639e+38	-3.40282346639e+38	
-3.40282346639e+38	9.32728610812e-05	9.32728610812e-05	9.32728610812e-05	9.32728610812e-05	9.32728610812e-05	9.32728610812e-05	9.32728610812e-05	9.32728610812e-05	-3.40282346639e+38	-3.40282346639e+38	
-3.40282346639e+38	9.32728610973e-05	9.32728610973e-05	9.32728610973e-05	9.32728610973e-05	9.32728610973e-05	9.32728610973e-05	9.32728610973e-05	9.32728610973e-05	-3.40282346639e+38	-3.40282346639e+38	
-3.40282346639e+38	9.32728611113e-05	9.32728611113e-05	9.32728611113e-05	9.32728611113e-05	9.32728611113e-05	9.32728611113e-05	9.32728611113e-05	9.32728611113e-05	-3.40282346639e+38	-3.40282346639e+38	
-3.40282346639e+38	9.32728611234e-05	9.32728611234e-05	9.32728611234e-05	9.32728611234e-05	9.32728611234e-05	9.32728611234e-05	9.32728611234e-05	9.32728611234e-05	-3.40282346639e+38	-3.40282346639e+38	
-3.40282346639e+38	9.32728611338e-05	9.32728611338e-05	9.32728611338e-05	9.32728611338e-05	9.32728611338e-05	9.32728611338e-05	9.32728611338e-05	9.32728611338e-05	-3.40282346639e+38	-3.40282346639e+38	
-3.40282346639e+38	9.32728611429e-05	9.32728611429e-05	9.32728611429e-05	9.32728611429e-05	9.32728611429e-05	9.32728611429e-05	9.32728611429e-05	9.32728611429e-05	-3.40282346639e+38	-3.40282346639e+38	
-3.40282346639e+38	9.32728611507e-05	9.32728611507e-05	9.32728611507e-05	9.32728611507e-05	9.32728611507e-05	9.32728611507e-05	9.32728611507e-05	9.32728611507e-05	-3.40282346639e+38	-3.40282346639e+38	
-3.40282346639e+38	9.32728611575e-05	9.32728611575e-05	9.32728611575e-05	9.32728611575e-05	9.32728611575e-05	9.32728611575e-05	9.32728611575e-05	9.32728611575e-05	-3.40282346639e+38	-3.40282346639e+38	
-3.40282346639e+38	9.32728611635e-05	9.32728611635e-05	9.32728611635e-05	9.32728611635e-05	9.32728611635e-05	9.32728611635e-05	9.32728611635e-05	9.32728611635e-05	-3.40282346639e+38	-3.40282346639e+38	
-3.40282346639e+38	9.32728611686e-05	9.32728611686e-05	9.32728611686e-05	9.32728611686e-05	9.32728611686e-05	9.32728611686e-05	9.32728611686e-05	9.32728611686e-05	-3.40282346639e+38	-3.40282346639e+38	
-3.40282346639e+38	9.3272861173e-05	9.3272861173e-05	9.3272861173e-05	9.3272861173e-05	9.3272861173e-05	9.3272861173e-05	9.3272861173e-05	9.3272861173e-05	-3.40282346639e+38	-3.40282346639e+38	
-3.40282346639e+38	9.32728611769e-05	9.32728611769e-05	9.32728611769e-05	9.32728611769e-05	9.32728611769e-05	9.32728611769e-05	9.32728611769e-05	9.32728611769e-05	-3.40282346639e+38	-3.40282346639e+38	
-3.40282346639e+38	9.32728611803e-05	9.32728611803e-05	9.32728611803e-05	9.32728611803e-05	9.32728611803e-05	9.32728611803e-05	9.32728611803e-05	9.32728611803e-05	-3.40282346639e+38	-3.40282346639e+38	
-3.40282346639e+38	9.32728611832e-05	9.32728611832e-05	9.32728611832e-05	9.32728611832e-05	9.32728611832e-05	9.32728611832e-05	9.32728611832e-05	9.32728611832e-05	-3.40282346639e+38	-3.40282346639e+38	
-3.40282346639e+38	9.32728611857e-05	9.32728611857e-05	9.32728611857e-05	9.32728611857e-05	9.32728611857e-05	9.32728611857e-05	9.32728611857e-05	9.32728611857e-05	-3.40282346639e+38	-3.40282346639e+38	
-3.40282346639e+38	9.3272861188e-05	9.3272861188e-05	9.3272861188e-05	9.3272861188e-05	9.3272861188e-05	9.3272861188e-05	9.3272861188e-05	9.3272861188e-05	-3.40282346639e+38	-3.40282346639e+38	
-3.40282346639e+38	9.32728611899e-05	9.32728611899e-05	9.32728611899e-05	9.32728611899e-05	9.32728611899e-05	9.32728611899e-05	9.32728611899e-05	9.32728611899e-05	-3.40282346639e+38	-3.40282346639e+38	
-3.40282346639e+38	9.32728611916e-05	9.32728611916e-05	9.32728611916e-05	9.32728611916e-05	9.32728611916e-05	9.32728611916e-05	9.32728611916e-05	9.32728611916e-05	-3.40282346639e+38	-3.40282346639e+38	
-3.40282346639e+38	9.32728611931e-05	9.32728611931e-05	9.32728611931e-05	9.32728611931e-05	9.32728611931e-05	9.32728611931e-05	9.32728611931e-05	9.32728611931e-05	-3.40282346639e+38	-3.40282346639e+38	
-3.40282346639e+38	9.32728611944e-05	9.32728611944e-05	9.32728611944e-05	9.32728611944e-05	9.32728611944e-05	9.32728611944e-05	9.32728611944e-05	9.32728611944e-05	-3.40282346639e+38	-3.40282346639e+38	
-3.40282346639e+38	9.32728611955e-05	9.32728611955e-05	9.32728611955e-05	9.32728611955e-05	9.32728611955e-05	9.32728611955e-05	9.32728611955e-05	9.32728611955e-05	-3.40282346639e+38	-3.40282346639e+38	
-3.40282346639e+38	9.32728611965e-05	9.32728611965e-05	9.32728611965e-05	9.32728611965e-05	9.32728611965e-05	9.32728611965e-05	9.32728611965e-05	9.32728611965e-05	-3.40282346639e+38	-3.40282346639e+38	
-3.40282346639e+38	9.32728611973e-05	9.32728611973e-05	9.32728611973e-05	9.32728611973e-05	9.32728611973e-05	9.32728611973e-05	9.32728611973e-05	9.32728611973e-05	-3.40282346639e+38	-3.40282346639e+38	
-3.40282346639e+38	9.32728611981e-05	9.32728611981e-05	9.32728611981e-05	9.32728611981e-05	9.32728611981e-05	9.32728611981e-05	9.32728611981e-05	9.32728611981e-05	-3.40282346639e+38	-3.40282346639e+38	
-3.40282346639e+38	9.32728611988e-05	9.32728611988e-05	9.32728611988e-05	9.32728611988e-05	9.32728611988e-05	9.32728611988e-05	9.32728611988e-05	9.32728611988e-05	-3.40282346639e+38	-3.40282346639e+38	
-3.40282346639e+38	9.32728611993e-05	9.32728611993e-05	9.32728611993e-05	9.32728611993e-05	9.32728611993e-05	9.32728611993e-05	9.32728611993e-05	9.32728611993e-05	-3.40282346639e+38	-3.40282346639e+38	
-3.40282346639e+38	9.32728611999e-05	9.32728611999e-05	9.32728611999e-05	9.32728611999e-05	9.32728611999e-05	9.32728611999e-05	9.32728611999e-05	9.32728611999e-05	-3.40282346639e+38	-3.40282346639e+38	
-3.40282346639e+38	9.32728612003e-05	9.32728612003e-05	9.32728612003e-05	9.32728612003e-05	9.32728612003e-05	9.32728612003e-05	9.32728612003e-05	9.32728612003e-05	-3.40282346639e+38	-3.40282346639e+38	
-3.40282346639e+38	9.32728612007e-05	9.32728612007e-05	9.32728612007e-05	9.32728612007e-05	9.32728612007e-05	9.32728612007e-05	9.32728612007e-05	9.32728612007e-05	-3.40282346639e+38	-3.40282346639e+38	
-3.40282346639e+38	9.3272861201e-05	9.3272861201e-05	9.3272861201e-05	9.3272861201e-05	9.3272861201e-05	9.3272861201e-05	9.3272861201e-05	9.3272861201e-05	-3.40282346639e+38	-3.40282346639e+38	
-3.40282346639e+38	9.32728612014e-05	9.32728612014e-05	9.32728612014e-05	9.32728612014e-05	9.32728612014e-05	9.32728612014e-05	9.32728612014e-05	9.32728612014e-05	-3.40282346639e+38	-3.40282346639e+38	
-3.40282346639e+38	9.32728612016e-05	9.32728612016e-05	9.32728612016e-05	9.32728612016e-05	9.32728612016e-05	9.32728612016e-05	9.32728612016e-05	9.32728612016e-05	-3.40282346639e+38	-3.40282346639e+38	
-3.40282346639e+38	9.32728612019e-05	9.32728612019e-05	9.32728612019e-05	9.32728612019e-05	9.32728612019e-05	9.32728612019e-05	9.32728612019e-05	9.32728612019e-05	-3.40282346639e+38	-3.40282346639e+38	
-3.40282346639e+38	9.32728612021e-05	9.32728612021e-05	9.32728612021e-05	9.32728612021e-05	9.32728612021e-05	9.32728612021e-05	9.32728612021e-05	9.32728612021e-05	-3.40282346639e+38	-3.40282346639e+38	
-3.40282346639e+38	9.32728612023e-05	9.32728612023e-05	9.32728612023e-05	9.32728612023e-05	9.32728612023e-05	9.32728612023e-05	9.32728612023e-05	9.32728612023e-05	-3.40282346639e+38	-3.40282346639e+38	
-3.40282346639e+38	9.32728612024e-05	9.32728612024e-05	9.32728612024e-05	9.32728612024e-05	9.32728612024e-05	9.32728612024e-05	9.32728612024e-05	9.32728612024e-05	-3.40282346639e+38	-3.40282346639e+38	
-3.40282346639e+38	9.32728612026e-05	9.32728612026e-05	9.32728612026e-05	9.32728612026e-05	9.32728612026e-05	9.32728612026e-05	9.32728612026e-05	9.32728612026e-05	-3.40282346639e+38	-3.40282346639e+38	
-3.40282346639e+38	9.32728612027e-05	9.32728612027e-05	9.32728612027e-05	9.32728612027e-05	9.32728612027e-05	9.32728612027e-05	9.32728612027e-05	9.32728612027e-05	-3.40282346639e+38	-3.40282346639e+38	
-3.40282346639e+38	9.32728612028e-05	9.32728612028e-05	9.32728612028e-05	9.32728612028e-05	9.32728612028e-05	9.32728612028e-05	9.32728612028e-05	9.32728612028e-05	-3.40282346639e+38	-3.40282346639e+38	
-3.40282346639e+38	9.32728612029e-05	9.32728612029e-05	9.32728612029e-05	9.32728612029e-05	9.32728612029e-05	9.32728612029e-05	9.32728612029e-05	9.32728612029e-05	-3.40282346639e+38	-3.40282346639e+38	
-3.40282346639e+38	9.3272861203e-05	9.3272861203e-05	9.3272861203e-05	9.3272861203e-05	9.3272861203e-05	9.3272861203e-05	9.3272861203e-05	9.3272861203e-05	-3.40282346639e+38	-3.40282346639e+38	
-3.40282346639e+38	9.32728612031e-05	9.32728612031e-05	9.32728612031e-05	9.32728612031e-05	9.32728612031e-05	9.32728612031e-05	9.32728612031e-05	9.32728612031e-05	-3.40282346639e+38	-3.40282346639e+38	
-3.40282346639e+38	9.32728612032e-05	9.32728612032e-05	9.32728612032e-05	9.32728612032e-05	9.32728612032e-05	9.32728612032e-05	9.32728612032e-05	9.32728612032e-05	-3.40282346639e+38	-3.40282346639e+38	
-3.40282346639e+38	9.32728612032e-05	9.32728612032e-05	9.32728612032e-05	9.32728612032e-05	9.32728612032e-05	9.32728612032e-05	9.32728612032e-05	9.32728612032e-05	-3.40282346639e+38	-3.40282346639e+38	
-3.40282346639e+38	9.32728612033e-05	9.32728612033e-05	9.32728612033e-05	9.32728612033e-05	9.32728612033e-05	9.32728612033e-05	9.32728612033e-05	9.32728612033e-05	-3.40282346639e+38	-3.40282346639e+38	
-3.40282346639e+38	9.32728612033e-05	9.32728612033e-05	9.32728612033e-05	9.32728612033e-05	9.32728612033e-05	9.32728612033e-05	9.32728612033e-05	9.32728612033e-05	-3.40282346639e+38	-3.40282346639e+38	
-3.40282346639e+38	9.32728612034e-05	9.32728612034e-05	9.32728612034e-05	9.32728612034e-05	9.32728612034e-05	9.32728612034e-05	9.32728612034e-05	9.32728612034e-05	-3.40282346639e+38	-3.40282346639e+38	
-3.40282346639e+38	9.32728612034e-05	9.32728612034e-05	9.32728612034e-05	9.32728612034e-05	9.32728612034e-05	9.32728612034e-05	9.32728612034e-05	9.32728612034e-05	-3.40282346639e+38	-3.40282346639e+38	
-3.40282346639e+38	9.32728612034e-05	9.32728612034e-05	9.32728612034e-05	9.32728612034e-05	9.32728612034e-05	9.32728612034e-05	9.32728612034e-05	9.32728612034e-05	-3.40282346639e+38	-3.40282346639e+38	
-3.40282346639e+38	9.32728612035e-05	9.32728612035e-05	9.32728612035e-05	9.32728612035e-05	9.32728612035e-05	9.32728612035e-05	9.32728612035e-05	9.32728612035e-05	-3.40282346639e+38	-3.40282346639e+38	
-3.40282346639e+38	-3.40282346639e+38	-3.40282346639e+38	-3.40282346639e+38	-3.40282346639e+38	-3.40282346639e+38	-3.40282346639e+38	-3.40282346639e+38	-3.40282346639e+38	-3.40282346639e+38	-3.40282346639e+38	
