out/0000000048h.asc
ncols 11
nrows 101
xllcorner -0.5
yllcorner -0.5
cellsize 1.0
nodata_value -3.40282346639e+38
-3.40282346639e+38	-3.40282346639e+38	-3.40282346639e+38	-3.40282346639e+38	-3.40282346639e+38	-3.40282346639e+38	-3.40282346639e+38	-3.40282346639e+38	-3.40282346639e+38	-3.40282346639e+38	-3.40282346639e+38	
-3.40282346639e+38	-3.40282346639e+38	-3.40282346639e+38	-3.40282346639e+38	-3.40282346639e+38	-3.40282346639e+38	-3.40282346639e+38	-3.40282346639e+38	-3.40282346639e+38	-3.40282346639e+38	-3.40282346639e+38	
-3.40282346639e+38	0.000483831134552	0.000483831134552	0.000483831134552	0.000483831134552	0.000483831134552	0.000483831134552	0.000483831134552	0.000483831134552	-3.40282346639e+38	-3.40282346639e+38	
-3.40282346639e+38	0.000504296344481	0.000504296344481	0.000504296344481	0.000504296344481	0.000504296344481	0.000504296344481	0.000504296344481	0.000504296344481	-3.40282346639e+38	-3.40282346639e+38	
-3.40282346639e+38	0.000509360823446	0.000509360823446	0.000509360823446	0.000509360823446	0.000509360823446	0.000509360823446	0.000509360823446	0.000509360823446	-3.40282346639e+38	-3.40282346639e+38	
-3.40282346639e+38	0.000510401894546	0.000510401894546	0.000510401894546	0.000510401894546	0.000510401894546	0.000510401894546	0.000510401894546	0.000510401894546	-3.40282346639e+38	-3.40282346639e+38	
-3.40282346639e+38	0.000510584303299	0.000510584303299	0.000510584303299	0.000510584303299	0.000510584303299	0.000510584303299	0.000510584303299	0.000510584303299	-3.40282346639e+38	-3.40282346639e+38	
-3.40282346639e+38	0.00051061225167	0.00051061225167	0.00051061225167	0.00051061225167	0.00051061225167	0.00051061225167	0.00051061225167	0.00051061225167	-3.40282346639e+38	-3.40282346639e+38	
-3.40282346639e+38	0.000510616082615	0.000510616082615	0.000510616082615	0.000510616082615	0.000510616082615	0.000510616082615	0.000510616082615	0.000510616082615	-3.40282346639e+38	-3.40282346639e+38	
-3.40282346639e+38	0.000510616567802	0.000510616567802	0.000510616567802	0.000510616567802	0.000510616567802	0.000510616567802	0.000510616567802	0.000510616567802	-3.40282346639e+38	-3.40282346639e+38	
-3.40282346639e+38	0.0005106166322	0.0005106166322	0.0005106166322	0.0005106166322	0.0005106166322	0.0005106166322	0.0005106166322	0.0005106166322	-3.40282346639e+38	-3.40282346639e+38	
-3.40282346639e+38	0.000510616646957	0.000510616646957	0.000510616646957	0.000510616646957	0.000510616646957	0.000510616646957	0.000510616646957	0.000510616646957	-3.40282346639e+38	-3.40282346639e+38	
-3.40282346639e+38	0.000510616655276	0.000510616655276	0.000510616655276	0.000510616655276	0.000510616655276	0.000510616655276	0.000510616655276	0.000510616655276	-3.40282346639e+38	-3.40282346639e+38	
-3.40282346639e+38	0.000510616661952	0.000510616661952	0.000510616661952	0.000510616661952	0.000510616661952	0.000510616661952	0.000510616661952	0.000510616661952	-3.40282346639e+38	-3.40282346639e+38	
-3.40282346639e+38	0.000510616667608	0.000510616667608	0.000510616667608	0.000510616667608	0.000510616667608	0.000510616667608	0.000510616667608	0.000510616667608	-3.40282346639e+38	-3.40282346639e+38	
-3.40282346639e+38	0.00051061667243	0.00051061667243	0.00051061667243	0.00051061667243	0.00051061667243	0.00051061667243	0.00051061667243	0.00051061667243	-3.40282346639e+38	-3.40282346639e+38	
-3.40282346639e+38	0.000510616676543	0.000510616676543	0.000510616676543	0.000510616676543	0.000510616676543	0.000510616676543	0.000510616676543	0.000510616676543	-3.40282346639e+38	-3.40282346639e+38	
-3.40282346639e+38	0.000510616680051	0.000510616680051	0.000510616680051	0.000510616680051	0.000510616680051	0.000510616680051	0.000510616680051	0.000510616680051	-3.40282346639e+38	-3.40282346639e+38	
-3.40282346639e+38	0.000510616683042	0.000510616683042	0.000510616683042	0.000510616683042	0.000510616683042	0.000510616683042	0.000510616683042	0.000510616683042	-3.40282346639e+38	-3.40282346639e+38	
-3.40282346639e+38	0.000510616685594	0.000510616685594	0.000510616685594	0.000510616685594	0.000510616685594	0.000510616685594	0.000510616685594	0.000510616685594	-3.40282346639e+38	-3.40282346639e+38	
-3.40282346639e+38	0.00051061668777	0.00051061668777	0.00051061668777	0.00051061668777	0.00051061668777	0.00051061668777	0.00051061668777	0.00051061668777	-3.40282346639e+38	-3.40282346639e+38	
-3.40282346639e+38	0.000510616689627	0.000510616689627	0.000510616689627	0.000510616689627	0.000510616689627	0.000510616689627	0.000510616689627	0.000510616689627	-3.40282346639e+38	-3.40282346639e+38	
-3.40282346639e+38	0.000510616691212	0.000510616691212	0.000510616691212	0.000510616691212	0.000510616691212	0.000510616691212	0.000510616691212	0.000510616691212	-3.40282346639e+38	-3.40282346639e+38	
-3.40282346639e+38	0.000510616692564	0.000510616692564	0.000510616692564	0.000510616692564	0.000510616692564	0.000510616692564	0.000510616692564	0.000510616692564	-3.40282346639e+38	-3.40282346639e+38	
-3.40282346639e+38	0.000510616693719	0.000510616693719	0.000510616693719	0.000510616693719	0.000510616693719	0.000510616693719	0.000510616693719	0.000510616693719	-3.40282346639e+38	-3.40282346639e+38	
-3.40282346639e+38	0.000510616694705	0.000510616694705	0.000510616694705	0.000510616694705	0.000510616694705	0.000510616694705	0.000510616694705	0.000510616694705	-3.40282346639e+38	-3.40282346639e+38	
-3.40282346639e+38	0.000510616695547	0.000510616695547	0.000510616695547	0.000510616695547	0.000510616695547	0.000510616695547	0.000510616695547	0.000510616695547	-3.40282346639e+38	-3.40282346639e+38	
-3.40282346639e+38	0.000510616696267	0.000510616696267	0.000510616696267	0.000510616696267	0.000510616696267	0.000510616696267	0.000510616696267	0.000510616696267	-3.40282346639e+38	-3.40282346639e+38	
-3.40282346639e+38	0.000510616696882	0.000510616696882	0.000510616696882	0.000510616696882	0.000510616696882	0.000510616696882	0.000510616696882	0.000510616696882	-3.40282346639e+38	-3.40282346639e+38	
-3.40282346639e+38	0.000510616697408	0.000510616697408	0.000510616697408	0.000510616697408	0.000510616697408	0.000510616697408	0.000510616697408	0.000510616697408	-3.40282346639e+38	-3.40282346639e+38	
-3.40282346639e+38	0.000510616697858	0.000510616697858	0.000510616697858	0.000510616697858	0.000510616697858	0.000510616697858	0.000510616697858	0.000510616697858	-3.40282346639e+38	-3.40282346639e+38	
-3.40282346639e+38	0.000510616698243	0.000510616698243	0.000510616698243	0.000510616698243	0.000510616698243	0.000510616698243	0.000510616698243	0.000510616698243	-3.40282346639e+38	-3.40282346639e+38	
-3.40282346639e+38	0.000510616698573	0.000510616698573	0.000510616698573	0.000510616698573	0.000510616698573	0.000510616698573	0.000510616698573	0.000510616698573	-3.40282346639e+38	-3.40282346639e+38	
-3.40282346639e+38	0.000510616698855	0.000510616698855	0.000510616698855	0.000510616698855	0.000510616698855	0.000510616698855	0.000510616698855	0.000510616698855	-3.40282346639e+38	-3.40282346639e+38	
-3.40282346639e+38	0.000510616699097	0.000510616699097	0.000510616699097	0.000510616699097	0.000510616699097	0.000510616699097	0.000510616699097	0.000510616699097	-3.40282346639e+38	-3.40282346639e+38	
-3.40282346639e+38	0.000510616699305	0.000510616699305	0.000510616699305	0.000510616699305	0.000510616699305	0.000510616699305	0.000510616699305	0.000510616699305	-3.40282346639e+38	-3.40282346639e+38	
-3.40282346639e+38	0.000510616699482	0.000510616699482	0.000510616699482	0.000510616699482	0.000510616699482	0.000510616699482	0.000510616699482	0.000510616699482	-3.40282346639e+38	-3.40282346639e+38	
-3.40282346639e+38	0.000510616699635	0.000510616699635	0.000510616699635	0.000510616699635	0.000510616699635	0.000510616699635	0.000510616699635	0.000510616699635	-3.40282346639e+38	-3.40282346639e+38	
-3.40282346639e+38	0.000510616699766	0.000510616699766	0.000510616699766	0.000510616699766	0.000510616699766	0.000510616699766	0.000510616699766	0.000510616699766	-3.40282346639e+38	-3.40282346639e+38	
-3.40282346639e+38	0.000510616699879	0.000510616699879	0.000510616699879	0.000510616699879	0.000510616699879	0.000510616699879	0.000510616699879	0.000510616699879	-3.40282346639e+38	-3.40282346639e+38	
-3.40282346639e+38	0.000510616699975	0.000510616699975	0.000510616699975	0.000510616699975	0.000510616699975	0.000510616699975	0.000510616699975	0.000510616699975	-3.40282346639e+38	-3.40282346639e+38	
-3.40282346639e+38	0.000510616700058	0.000510616700058	0.000510616700058	0.000510616700058	0.000510616700058	0.000510616700058	0.000510616700058	0.000510616700058	-3.40282346639e+38	-3.40282346639e+38	
-3.40282346639e+38	0.00051061670013	0.00051061670013	0.00051061670013	0.00051061670013	0.00051061670013	0.00051061670013	0.00051061670013	0.00051061670013	-3.40282346639e+38	-3.40282346639e+38	
-3.40282346639e+38	0.000510616700191	0.000510616700191	0.000510616700191	0.000510616700191	0.000510616700191	0.000510616700191	0.000510616700191	0.000510616700191	-3.40282346639e+38	-3.40282346639e+38	
-3.40282346639e+38	0.000510616700244	0.000510616700244	0.000510616700244	0.000510616700244	0.000510616700244	0.000510616700244	0.000510616700244	0.000510616700244	-3.40282346639e+38	-3.40282346639e+38	
-3.40282346639e+38	0.00051061670029	0.00051061670029	0.00051061670029	0.00051061670029	0.00051061670029	0.00051061670029	0.00051061670029	0.00051061670029	-3.40282346639e+38	-3.40282346639e+38	
-3.40282346639e+38	0.000510616700329	0.000510616700329	0.000510616700329	0.000510616700329	0.000510616700329	0.000510616700329	0.000510616700329	0.000510616700329	-3.40282346639e+38	-3.40282346639e+38	
-3.40282346639e+38	0.000510616700363	0.000510616700363	0.000510616700363	0.000510616700363	0.000510616700363	0.000510616700363	0.000510616700363	0.000510616700363	-3.40282346639e+38	-3.40282346639e+38	
-3.40282346639e+38	0.000510616700392	0.000510616700392	0.000510616700392	0.000510616700392	0.000510616700392	0.000510616700392	0.000510616700392	0.000510616700392	-3.40282346639e+38	-3.40282346639e+38	
-3.40282346639e+38	0.000510616700418	0.000510616700418	0.000510616700418	0.000510616700418	0.000510616700418	0.000510616700418	0.000510616700418	0.000510616700418	-3.40282346639e+38	-3.40282346639e+38	
-3.40282346639e+38	0.000510616700439	0.000510616700439	0.000510616700439	0.000510616700439	0.000510616700439	0.000510616700439	0.000510616700439	0.000510616700439	-3.40282346639e+38	-3.40282346639e+38	
-3.40282346639e+38	0.000510616700458	0.000510616700458	0.000510616700458	0.000510616700458	0.000510616700458	0.000510616700458	0.000510616700458	0.000510616700458	-3.40282346639e+38	-3.40282346639e+38	
-3.40282346639e+38	0.000510616700474	0.000510616700474	0.000510616700474	0.000510616700474	0.000510616700474	0.000510616700474	0.000510616700474	0.000510616700474	-3.40282346639e+38	-3.40282346639e+38	
-3.40282346639e+38	0.000510616700489	0.000510616700489	0.000510616700489	0.000510616700489	0.000510616700489	0.000510616700489	0.000510616700489	0.000510616700489	-3.40282346639e+38	-3.40282346639e+38	
-3.40282346639e+38	0.000510616700501	0.000510616700501	0.000510616700501	0.000510616700501	0.000510616700501	0.000510616700501	0.000510616700501	0.000510616700501	-3.40282346639e+38	-3.40282346639e+38	
-3.40282346639e+38	0.000510616700511	0.000510616700511	0.000510616700511	0.000510616700511	0.000510616700511	0.000510616700511	0.000510616700511	0.000510616700511	-3.40282346639e+38	-3.40282346639e+38	
-3.40282346639e+38	0.00051061670052	0.00051061670052	0.00051061670052	0.00051061670052	0.00051061670052	0.00051061670052	0.00051061670052	0.00051061670052	-3.40282346639e+38	-3.40282346639e+38	
-3.40282346639e+38	0.000510616700528	0.000510616700528	0.000510616700528	0.000510616700528	0.000510616700528	0.000510616700528	0.000510616700528	0.000510616700528	-3.40282346639e+38	-3.40282346639e+38	
-3.40282346639e+38	0.000510616700535	0.000510616700535	0.000510616700535	0.000510616700535	0.000510616700535	0.000510616700535	0.000510616700535	0.000510616700535	-3.40282346639e+38	-3.40282346639e+38	
-3.40282346639e+38	0.000510616700541	0.000510616700541	0.000510616700541	0.000510616700541	0.000510616700541	0.000510616700541	0.000510616700541	0.000510616700541	-3.40282346639e+38	-3.40282346639e+38	
-3.40282346639e+38	0.000510616700546	0.000510616700546	0.000510616700546	0.000510616700546	0.000510616700546	0.000510616700546	0.000510616700546	0.000510616700546	-3.40282346639e+38	-3.40282346639e+38	
-3.40282346639e+38	0.000510616700551	0.000510616700551	0.000510616700551	0.000510616700551	0.000510616700551	0.000510616700551	0.000510616700551	0.000510616700551	-3.40282346639e+38	-3.40282346639e+38	
-3.40282346639e+38	0.000510616700555	0.000510616700555	0.000510616700555	0.000510616700555	0.000510616700555	0.000510616700555	0.000510616700555	0.000510616700555	-3.40282346639e+38	-3.40282346639e+38	
-3.40282346639e+38	0.000510616700558	0.000510616700558	0.000510616700558	0.000510616700558	0.000510616700558	0.000510616700558	0.000510616700558	0.000510616700558	-3.40282346639e+38	-3.40282346639e+38	
-3.40282346639e+38	0.000510616700561	0.000510616700561	0.000510616700561	0.000510616700561	0.000510616700561	0.000510616700561	0.000510616700561	0.000510616700561	-3.40282346639e+38	-3.40282346639e+38	
-3.40282346639e+38	0.000510616700564	0.000510616700564	0.000510616700564	0.000510616700564	0.000510616700564	0.000510616700564	0.000510616700564	0.000510616700564	-3.40282346639e+38	-3.40282346639e+38	
-3.40282346639e+38	0.000510616700566	0.000510616700566	0.000510616700566	0.000510616700566	0.000510616700566	0.000510616700566	0.000510616700566	0.000510616700566	-3.40282346639e+38	-3.40282346639e+38	
-3.40282346639e+38	0.000510616700568	0.000510616700568	0.000510616700568	0.000510616700568	0.000510616700568	0.000510616700568	0.000510616700568	0.000510616700568	-3.40282346639e+38	-3.40282346639e+38	
-3.40282346639e+38	0.00051061670057	0.00051061670057	0.00051061670057	0.00051061670057	0.00051061670057	0.00051061670057	0.00051061670057	0.00051061670057	-3.40282346639e+38	-3.40282346639e+38	
-3.40282346639e+38	0.000510616700571	0.000510616700571	0.000510616700571	0.000510616700571	0.000510616700571	0.000510616700571	0.000510616700571	0.000510616700571	-3.40282346639e+38	-3.40282346639e+38	
-3.40282346639e+38	0.000510616700573	0.000510616700573	0.000510616700573	0.000510616700573	0.000510616700573	0.000510616700573	0.000510616700573	0.000510616700573	-3.40282346639e+38	-3.40282346639e+38	
-3.40282346639e+38	0.000510616700574	0.000510616700574	0.000510616700574	0.000510616700574	0.000510616700574	0.000510616700574	0.000510616700574	0.000510616700574	-3.40282346639e+38	-3.40282346639e+38	
-3.40282346639e+38	0.000510616700575	0.000510616700575	0.000510616700575	0.000510616700575	0.000510616700575	0.000510616700575	0.000510616700575	0.000510616700575	-3.40282346639e+38	-3.40282346639e+38	
-3.40282346639e+38	0.000510616700576	0.000510616700576	0.000510616700576	0.000510616700576	0.000510616700576	0.000510616700576	0.000510616700576	0.000510616700576	-3.40282346639e+38	-3.40282346639e+38	
-3.40282346639e+38	0.000510616700576	0.000510616700576	0.000510616700576	0.000510616700576	0.000510616700576	0.000510616700576	0.000510616700576	0.000510616700576	-3.40282346639e+38	-3.40282346639e+38	
-3.40282346639e+38	0.000510616700577	0.000510616700577	0.000510616700577	0.000510616700577	0.000510616700577	0.000510616700577	0.000510616700577	0.000510616700577	-3.40282346639e+38	-3.40282346639e+38	
-3.40282346639e+38	0.000510616700578	0.000510616700578	0.000510616700578	0.000510616700578	0.000510616700578	0.000510616700578	0.000510616700578	0.000510616700578	-3.40282346639e+38	-3.40282346639e+38	
-3.40282346639e+38	0.000510616700578	0.000510616700578	0.000510616700578	0.000510616700578	0.000510616700578	0.000510616700578	0.000510616700578	0.000510616700578	-3.40282346639e+38	-3.40282346639e+38	
-3.40282346639e+38	0.000510616700579	0.000510616700579	0.000510616700579	0.000510616700579	0.000510616700579	0.000510616700579	0.000510616700579	0.000510616700579	-3.40282346639e+38	-3.40282346639e+38	
-3.40282346639e+38	0.000510616700579	0.000510616700579	0.000510616700579	0.000510616700579	0.000510616700579	0.000510616700579	0.000510616700579	0.000510616700579	-3.40282346639e+38	-3.40282346639e+38	
-3.40282346639e+38	0.000510616700579	0.000510616700579	0.000510616700579	0.000510616700579	0.000510616700579	0.000510616700579	0.000510616700579	0.000510616700579	-3.40282346639e+38	-3.40282346639e+38	
-3.40282346639e+38	0.00051061670058	0.00051061670058	0.00051061670058	0.00051061670058	0.00051061670058	0.00051061670058	0.00051061670058	0.00051061670058	-3.40282346639e+38	-3.40282346639e+38	
-3.40282346639e+38	0.00051061670058	0.00051061670058	0.00051061670058	0.00051061670058	0.00051061670058	0.00051061670058	0.00051061670058	0.00051061670058	-3.40282346639e+38	-3.40282346639e+38	
-3.40282346639e+38	0.00051061670058	0.00051061670058	0.00051061670058	0.00051061670058	0.00051061670058	0.00051061670058	0.00051061670058	0.00051061670058	-3.40282346639e+38	-3.40282346639e+38	
-3.40282346639e+38	0.000510616700581	0.000510616700581	0.000510616700581	0.000510616700581	0.000510616700581	0.000510616700581	0.000510616700581	0.000510616700581	-3.40282346639e+38	-3.40282346639e+38	
-3.40282346639e+38	0.000510616700581	0.000510616700581	0.000510616700581	0.000510616700581	0.000510616700581	0.000510616700581	0.000510616700581	0.000510616700581	-3.40282346639e+38	-3.40282346639e+38	
-3.40282346639e+38	0.000510616700581	0.000510616700581	0.000510616700581	0.000510616700581	0.000510616700581	0.000510616700581	0.000510616700581	0.000510616700581	-3.40282346639e+38	-3.40282346639e+38	
-3.40282346639e+38	0.000510616700581	0.000510616700581	0.000510616700581	0.000510616700581	0.000510616700581	0.000510616700581	0.000510616700581	0.000510616700581	-3.40282346639e+38	-3.40282346639e+38	
-3.40282346639e+38	0.000510616700581	0.000510616700581	0.000510616700581	0.000510616700581	0.000510616700581	0.000510616700581	0.000510616700581	0.000510616700581	-3.40282346639e+38	-3.40282346639e+38	
-3.40282346639e+38	0.000510616700581	0.000510616700581	0.000510616700581	0.000510616700581	0.000510616700581	0.000510616700581	0.000510616700581	0.000510616700581	-3.40282346639e+38	-3.40282346639e+38	
-3.40282346639e+38	0.000510616700581	0.000510616700581	0.000510616700581	0.000510616700581	0.000510616700581	0.000510616700581	0.000510616700581	0.000510616700581	-3.40282346639e+38	-3.40282346639e+38	
-3.40282346639e+38	0.000510616700581	0.000510616700581	0.000510616700581	0.000510616700581	0.000510616700581	0.000510616700581	0.000510616700581	0.000510616700581	-3.40282346639e+38	-3.40282346639e+38	
-3.40282346639e+38	0.000510616700582	0.000510616700582	0.000510616700582	0.000510616700582	0.000510616700582	0.000510616700582	0.000510616700582	0.000510616700582	-3.40282346639e+38	-3.40282346639e+38	
-3.40282346639e+38	0.000510616700582	0.000510616700582	0.000510616700582	0.000510616700582	0.000510616700582	0.000510616700582	0.000510616700582	0.000510616700582	-3.40282346639e+38	-3.40282346639e+38	
-3.40282346639e+38	0.000510616700582	0.000510616700582	0.000510616700582	0.000510616700582	0.000510616700582	0.000510616700582	0.000510616700582	0.000510616700582	-3.40282346639e+38	-3.40282346639e+38	
-3.40282346639e+38	0.000510616700582	0.000510616700582	0.000510616700582	0.000510616700582	0.000510616700582	0.000510616700582	0.000510616700582	0.000510616700582	-3.40282346639e+38	-3.40282346639e+38	
-3.40282346639e+38	0.000510616700582	0.000510616700582	0.000510616700582	0.000510616700582	0.000510616700582	0.000510616700582	0.000510616700582	0.000510616700582	-3.40282346639e+38	-3.40282346639e+38	
-3.40282346639e+38	0.000510616700582	0.000510616700582	0.000510616700582	0.000510616700582	0.000510616700582	0.000510616700582	0.000510616700582	0.000510616700582	-3.40282346639e+38	-3.40282346639e+38	
-3.40282346639e+38	0.000510616700582	0.000510616700582	0.000510616700582	0.000510616700582	0.000510616700582	0.000510616700582	0.000510616700582	0.000510616700582	-3.40282346639e+38	-3.40282346639e+38	
-3.40282346639e+38	0.000510616700582	0.000510616700582	0.000510616700582	0.000510616700582	0.000510616700582	0.000510616700582	0.000510616700582	0.000510616700582	-3.40282346639e+38	-3.40282346639e+38	
-3.40282346639e+38	-3.40282346639e+38	-3.40282346639e+38	-3.40282346639e+38	-3.40282346639e+38	-3.40282346639e+38	-3.40282346639e+38	-3.40282346639e+38	-3.40282346639e+38	-3.40282346639e+38	-3.40282346639e+38	
