out/0000000037h.asc
ncols 11
nrows 101
xllcorner -0.5
yllcorner -0.5
cellsize 1.0
nodata_value -3.40282346639e+38
-3.40282346639e+38	-3.40282346639e+38	-3.40282346639e+38	-3.40282346639e+38	-3.40282346639e+38	-3.40282346639e+38	-3.40282346639e+38	-3.40282346639e+38	-3.40282346639e+38	-3.40282346639e+38	-3.40282346639e+38	
-3.40282346639e+38	-3.40282346639e+38	-3.40282346639e+38	-3.40282346639e+38	-3.40282346639e+38	-3.40282346639e+38	-3.40282346639e+38	-3.40282346639e+38	-3.40282346639e+38	-3.40282346639e+38	-3.40282346639e+38	
-3.40282346639e+38	0.000376584021446	0.000376584021446	0.000376584021446	0.000376584021446	0.000376584021446	0.000376584021446	0.000376584021446	0.000376584021446	-3.40282346639e+38	-3.40282346639e+38	
-3.40282346639e+38	0.000384618579685	0.000384618579685	0.000384618579685	0.000384618579685	0.000384618579685	0.000384618579685	0.000384618579685	0.000384618579685	-3.40282346639e+38	-3.40282346639e+38	
-3.40282346639e+38	0.000385930417344	0.000385930417344	0.000385930417344	0.000385930417344	0.000385930417344	0.000385930417344	0.000385930417344	0.000385930417344	-3.40282346639e+38	-3.40282346639e+38	
-3.40282346639e+38	0.000386106429738	0.000386106429738	0.000386106429738	0.000386106429738	0.000386106429738	0.000386106429738	0.000386106429738	0.000386106429738	-3.40282346639e+38	-3.40282346639e+38	
-3.40282346639e+38	0.000386126545073	0.000386126545073	0.000386126545073	0.000386126545073	0.000386126545073	0.000386126545073	0.000386126545073	0.000386126545073	-3.40282346639e+38	-3.40282346639e+38	
-3.40282346639e+38	0.000386128570394	0.000386128570394	0.000386128570394	0.000386128570394	0.000386128570394	0.000386128570394	0.000386128570394	0.000386128570394	-3.40282346639e+38	-3.40282346639e+38	
-3.40282346639e+38	0.000386128763767	0.000386128763767	0.000386128763767	0.000386128763767	0.000386128763767	0.000386128763767	0.000386128763767	0.000386128763767	-3.40282346639e+38	-3.40282346639e+38	
-3.40282346639e+38	0.000386128790106	0.000386128790106	0.000386128790106	0.000386128790106	0.000386128790106	0.000386128790106	0.000386128790106	0.000386128790106	-3.40282346639e+38	-3.40282346639e+38	
-3.40282346639e+38	0.000386128801235	0.000386128801235	0.000386128801235	0.000386128801235	0.000386128801235	0.000386128801235	0.000386128801235	0.000386128801235	-3.40282346639e+38	-3.40282346639e+38	
-3.40282346639e+38	0.000386128809885	0.000386128809885	0.000386128809885	0.000386128809885	0.000386128809885	0.000386128809885	0.000386128809885	0.000386128809885	-3.40282346639e+38	-3.40282346639e+38	
-3.40282346639e+38	0.000386128817209	0.000386128817209	0.000386128817209	0.000386128817209	0.000386128817209	0.000386128817209	0.000386128817209	0.000386128817209	-3.40282346639e+38	-3.40282346639e+38	
-3.40282346639e+38	0.000386128823455	0.000386128823455	0.000386128823455	0.000386128823455	0.000386128823455	0.000386128823455	0.000386128823455	0.000386128823455	-3.40282346639e+38	-3.40282346639e+38	
-3.40282346639e+38	0.000386128828783	0.000386128828783	0.000386128828783	0.000386128828783	0.000386128828783	0.000386128828783	0.000386128828783	0.000386128828783	-3.40282346639e+38	-3.40282346639e+38	
-3.40282346639e+38	0.000386128833327	0.000386128833327	0.000386128833327	0.000386128833327	0.000386128833327	0.000386128833327	0.000386128833327	0.000386128833327	-3.40282346639e+38	-3.40282346639e+38	
-3.40282346639e+38	0.000386128837202	0.000386128837202	0.000386128837202	0.000386128837202	0.000386128837202	0.000386128837202	0.000386128837202	0.000386128837202	-3.40282346639e+38	-3.40282346639e+38	
-3.40282346639e+38	0.000386128840506	0.000386128840506	0.000386128840506	0.000386128840506	0.000386128840506	0.000386128840506	0.000386128840506	0.000386128840506	-3.40282346639e+38	-3.40282346639e+38	
-3.40282346639e+38	0.000386128843324	0.000386128843324	0.000386128843324	0.000386128843324	0.000386128843324	0.000386128843324	0.000386128843324	0.000386128843324	-3.40282346639e+38	-3.40282346639e+38	
-3.40282346639e+38	0.000386128845727	0.000386128845727	0.000386128845727	0.000386128845727	0.000386128845727	0.000386128845727	0.000386128845727	0.000386128845727	-3.40282346639e+38	-3.40282346639e+38	
-3.40282346639e+38	0.000386128847776	0.000386128847776	0.000386128847776	0.000386128847776	0.000386128847776	0.000386128847776	0.000386128847776	0.000386128847776	-3.40282346639e+38	-3.40282346639e+38	
-3.40282346639e+38	0.000386128849524	0.000386128849524	0.000386128849524	0.000386128849524	0.000386128849524	0.000386128849524	0.000386128849524	0.000386128849524	-3.40282346639e+38	-3.40282346639e+38	
-3.40282346639e+38	0.000386128851016	0.000386128851016	0.000386128851016	0.000386128851016	0.000386128851016	0.000386128851016	0.000386128851016	0.000386128851016	-3.40282346639e+38	-3.40282346639e+38	
-3.40282346639e+38	0.000386128852289	0.000386128852289	0.000386128852289	0.000386128852289	0.000386128852289	0.000386128852289	0.000386128852289	0.000386128852289	-3.40282346639e+38	-3.40282346639e+38	
-3.40282346639e+38	0.000386128853376	0.000386128853376	0.000386128853376	0.000386128853376	0.000386128853376	0.000386128853376	0.000386128853376	0.000386128853376	-3.40282346639e+38	-3.40282346639e+38	
-3.40282346639e+38	0.000386128854304	0.000386128854304	0.000386128854304	0.000386128854304	0.000386128854304	0.000386128854304	0.000386128854304	0.000386128854304	-3.40282346639e+38	-3.40282346639e+38	
-3.40282346639e+38	0.000386128855097	0.000386128855097	0.000386128855097	0.000386128855097	0.000386128855097	0.000386128855097	0.000386128855097	0.000386128855097	-3.40282346639e+38	-3.40282346639e+38	
-3.40282346639e+38	0.000386128855774	0.000386128855774	0.000386128855774	0.000386128855774	0.000386128855774	0.000386128855774	0.000386128855774	0.000386128855774	-3.40282346639e+38	-3.40282346639e+38	
-3.40282346639e+38	0.000386128856353	0.000386128856353	0.000386128856353	0.000386128856353	0.000386128856353	0.000386128856353	0.000386128856353	0.000386128856353	-3.40282346639e+38	-3.40282346639e+38	
-3.40282346639e+38	0.000386128856848	0.000386128856848	0.000386128856848	0.000386128856848	0.000386128856848	0.000386128856848	0.000386128856848	0.000386128856848	-3.40282346639e+38	-3.40282346639e+38	
-3.40282346639e+38	0.000386128857272	0.000386128857272	0.000386128857272	0.000386128857272	0.000386128857272	0.000386128857272	0.000386128857272	0.000386128857272	-3.40282346639e+38	-3.40282346639e+38	
-3.40282346639e+38	0.000386128857634	0.000386128857634	0.000386128857634	0.000386128857634	0.000386128857634	0.000386128857634	0.000386128857634	0.000386128857634	-3.40282346639e+38	-3.40282346639e+38	
-3.40282346639e+38	0.000386128857945	0.000386128857945	0.000386128857945	0.000386128857945	0.000386128857945	0.000386128857945	0.000386128857945	0.000386128857945	-3.40282346639e+38	-3.40282346639e+38	
-3.40282346639e+38	0.000386128858211	0.000386128858211	0.000386128858211	0.000386128858211	0.000386128858211	0.000386128858211	0.000386128858211	0.000386128858211	-3.40282346639e+38	-3.40282346639e+38	
-3.40282346639e+38	0.000386128858438	0.000386128858438	0.000386128858438	0.000386128858438	0.000386128858438	0.000386128858438	0.000386128858438	0.000386128858438	-3.40282346639e+38	-3.40282346639e+38	
-3.40282346639e+38	0.000386128858633	0.000386128858633	0.000386128858633	0.000386128858633	0.000386128858633	0.000386128858633	0.000386128858633	0.000386128858633	-3.40282346639e+38	-3.40282346639e+38	
-3.40282346639e+38	0.000386128858801	0.000386128858801	0.000386128858801	0.000386128858801	0.000386128858801	0.000386128858801	0.000386128858801	0.000386128858801	-3.40282346639e+38	-3.40282346639e+38	
-3.40282346639e+38	0.000386128858944	0.000386128858944	0.000386128858944	0.000386128858944	0.000386128858944	0.000386128858944	0.000386128858944	0.000386128858944	-3.40282346639e+38	-3.40282346639e+38	
-3.40282346639e+38	0.000386128859068	0.000386128859068	0.000386128859068	0.000386128859068	0.000386128859068	0.000386128859068	0.000386128859068	0.000386128859068	-3.40282346639e+38	-3.40282346639e+38	
-3.40282346639e+38	0.000386128859174	0.000386128859174	0.000386128859174	0.000386128859174	0.000386128859174	0.000386128859174	0.000386128859174	0.000386128859174	-3.40282346639e+38	-3.40282346639e+38	
-3.40282346639e+38	0.000386128859265	0.000386128859265	0.000386128859265	0.000386128859265	0.000386128859265	0.000386128859265	0.000386128859265	0.000386128859265	-3.40282346639e+38	-3.40282346639e+38	
-3.40282346639e+38	0.000386128859343	0.000386128859343	0.000386128859343	0.000386128859343	0.000386128859343	0.000386128859343	0.000386128859343	0.000386128859343	-3.40282346639e+38	-3.40282346639e+38	
-3.40282346639e+38	0.00038612885941	0.00038612885941	0.00038612885941	0.00038612885941	0.00038612885941	0.00038612885941	0.00038612885941	0.00038612885941	-3.40282346639e+38	-3.40282346639e+38	
-3.40282346639e+38	0.000386128859468	0.000386128859468	0.000386128859468	0.000386128859468	0.000386128859468	0.000386128859468	0.000386128859468	0.000386128859468	-3.40282346639e+38	-3.40282346639e+38	
-3.40282346639e+38	0.000386128859518	0.000386128859518	0.000386128859518	0.000386128859518	0.000386128859518	0.000386128859518	0.000386128859518	0.000386128859518	-3.40282346639e+38	-3.40282346639e+38	
-3.40282346639e+38	0.000386128859561	0.000386128859561	0.000386128859561	0.000386128859561	0.000386128859561	0.000386128859561	0.000386128859561	0.000386128859561	-3.40282346639e+38	-3.40282346639e+38	
-3.40282346639e+38	0.000386128859598	0.000386128859598	0.000386128859598	0.000386128859598	0.000386128859598	0.000386128859598	0.000386128859598	0.000386128859598	-3.40282346639e+38	-3.40282346639e+38	
-3.40282346639e+38	0.00038612885963	0.00038612885963	0.00038612885963	0.00038612885963	0.00038612885963	0.00038612885963	0.00038612885963	0.00038612885963	-3.40282346639e+38	-3.40282346639e+38	
-3.40282346639e+38	0.000386128859657	0.000386128859657	0.000386128859657	0.000386128859657	0.000386128859657	0.000386128859657	0.000386128859657	0.000386128859657	-3.40282346639e+38	-3.40282346639e+38	
-3.40282346639e+38	0.000386128859681	0.000386128859681	0.000386128859681	0.000386128859681	0.000386128859681	0.000386128859681	0.000386128859681	0.000386128859681	-3.40282346639e+38	-3.40282346639e+38	
-3.40282346639e+38	0.000386128859701	0.000386128859701	0.000386128859701	0.000386128859701	0.000386128859701	0.000386128859701	0.000386128859701	0.000386128859701	-3.40282346639e+38	-3.40282346639e+38	
-3.40282346639e+38	0.000386128859719	0.000386128859719	0.000386128859719	0.000386128859719	0.000386128859719	0.000386128859719	0.000386128859719	0.000386128859719	-3.40282346639e+38	-3.40282346639e+38	
-3.40282346639e+38	0.000386128859734	0.000386128859734	0.000386128859734	0.000386128859734	0.000386128859734	0.000386128859734	0.000386128859734	0.000386128859734	-3.40282346639e+38	-3.40282346639e+38	
-3.40282346639e+38	0.000386128859748	0.000386128859748	0.000386128859748	0.000386128859748	0.000386128859748	0.000386128859748	0.000386128859748	0.000386128859748	-3.40282346639e+38	-3.40282346639e+38	
-3.40282346639e+38	0.000386128859759	0.000386128859759	0.000386128859759	0.000386128859759	0.000386128859759	0.000386128859759	0.000386128859759	0.000386128859759	-3.40282346639e+38	-3.40282346639e+38	
-3.40282346639e+38	0.000386128859769	0.000386128859769	0.000386128859769	0.000386128859769	0.000386128859769	0.000386128859769	0.000386128859769	0.000386128859769	-3.40282346639e+38	-3.40282346639e+38	
-3.40282346639e+38	0.000386128859778	0.000386128859778	0.000386128859778	0.000386128859778	0.000386128859778	0.000386128859778	0.000386128859778	0.000386128859778	-3.40282346639e+38	-3.40282346639e+38	
-3.40282346639e+38	0.000386128859785	0.000386128859785	0.000386128859785	0.000386128859785	0.000386128859785	0.000386128859785	0.000386128859785	0.000386128859785	-3.40282346639e+38	-3.40282346639e+38	
-3.40282346639e+38	0.000386128859792	0.000386128859792	0.000386128859792	0.000386128859792	0.000386128859792	0.000386128859792	0.000386128859792	0.000386128859792	-3.40282346639e+38	-3.40282346639e+38	
-3.40282346639e+38	0.000386128859797	0.000386128859797	0.000386128859797	0.000386128859797	0.000386128859797	0.000386128859797	0.000386128859797	0.000386128859797	-3.40282346639e+38	-3.40282346639e+38	
-3.40282346639e+38	0.000386128859802	0.000386128859802	0.000386128859802	0.000386128859802	0.000386128859802	0.000386128859802	0.000386128859802	0.000386128859802	-3.40282346639e+38	-3.40282346639e+38	
-3.40282346639e+38	0.000386128859806	0.000386128859806	0.000386128859806	0.000386128859806	0.000386128859806	0.000386128859806	0.000386128859806	0.000386128859806	-3.40282346639e+38	-3.40282346639e+38	
-3.40282346639e+38	0.00038612885981	0.00038612885981	0.00038612885981	0.00038612885981	0.00038612885981	0.00038612885981	0.00038612885981	0.00038612885981	-3.40282346639e+38	-3.40282346639e+38	
-3.40282346639e+38	0.000386128859813	0.000386128859813	0.000386128859813	0.000386128859813	0.000386128859813	0.000386128859813	0.000386128859813	0.000386128859813	-3.40282346639e+38	-3.40282346639e+38	
-3.40282346639e+38	0.000386128859816	0.000386128859816	0.000386128859816	0.000386128859816	0.000386128859816	0.000386128859816	0.000386128859816	0.000386128859816	-3.40282346639e+38	-3.40282346639e+38	
-3.40282346639e+38	0.000386128859818	0.000386128859818	0.000386128859818	0.000386128859818	0.000386128859818	0.000386128859818	0.000386128859818	0.000386128859818	-3.40282346639e+38	-3.40282346639e+38	
-3.40282346639e+38	0.000386128859821	0.000386128859821	0.000386128859821	0.000386128859821	0.000386128859821	0.000386128859821	0.000386128859821	0.000386128859821	-3.40282346639e+38	-3.40282346639e+38	
-3.40282346639e+38	0.000386128859822	0.000386128859822	0.000386128859822	0.000386128859822	0.000386128859822	0.000386128859822	0.000386128859822	0.000386128859822	-3.40282346639e+38	-3.40282346639e+38	
-3.40282346639e+38	0.000386128859824	0.000386128859824	0.000386128859824	0.000386128859824	0.000386128859824	0.000386128859824	0.000386128859824	0.000386128859824	-3.40282346639e+38	-3.40282346639e+38	
-3.40282346639e+38	0.000386128859825	0.000386128859825	0.000386128859825	0.000386128859825	0.000386128859825	0.000386128859825	0.000386128859825	0.000386128859825	-3.40282346639e+38	-3.40282346639e+38	
-3.40282346639e+38	0.000386128859827	0.000386128859827	0.000386128859827	0.000386128859827	0.000386128859827	0.000386128859827	0.000386128859827	0.000386128859827	-3.40282346639e+38	-3.40282346639e+38	
-3.40282346639e+38	0.000386128859828	0.000386128859828	0.000386128859828	0.000386128859828	0.000386128859828	0.000386128859828	0.000386128859828	0.000386128859828	-3.40282346639e+38	-3.40282346639e+38	
-3.40282346639e+38	0.000386128859829	0.000386128859829	0.000386128859829	0.000386128859829	0.000386128859829	0.000386128859829	0.000386128859829	0.000386128859829	-3.40282346639e+38	-3.40282346639e+38	
-3.40282346639e+38	0.00038612885983	0.00038612885983	0.00038612885983	0.00038612885983	0.00038612885983	0.00038612885983	0.00038612885983	0.00038612885983	-3.40282346639e+38	-3.40282346639e+38	
-3.40282346639e+38	0.00038612885983	0.00038612885983	0.00038612885983	0.00038612885983	0.00038612885983	0.00038612885983	0.00038612885983	0.00038612885983	-3.40282346639e+38	-3.40282346639e+38	
-3.40282346639e+38	0.000386128859831	0.000386128859831	0.000386128859831	0.000386128859831	0.000386128859831	0.000386128859831	0.000386128859831	0.000386128859831	-3.40282346639e+38	-3.40282346639e+38	
-3.40282346639e+38	0.000386128859831	0.000386128859831	0.000386128859831	0.000386128859831	0.000386128859831	0.000386128859831	0.000386128859831	0.000386128859831	-3.40282346639e+38	-3.40282346639e+38	
-3.40282346639e+38	0.000386128859832	0.000386128859832	0.000386128859832	0.000386128859832	0.000386128859832	0.000386128859832	0.000386128859832	0.000386128859832	-3.40282346639e+38	-3.40282346639e+38	
-3.40282346639e+38	0.000386128859832	0.000386128859832	0.000386128859832	0.000386128859832	0.000386128859832	0.000386128859832	0.000386128859832	0.000386128859832	-3.40282346639e+38	-3.40282346639e+38	
-3.40282346639e+38	0.000386128859833	0.000386128859833	0.000386128859833	0.000386128859833	0.000386128859833	0.000386128859833	0.000386128859833	0.000386128859833	-3.40282346639e+38	-3.40282346639e+38	
-3.40282346639e+38	0.000386128859833	0.000386128859833	0.000386128859833	0.000386128859833	0.000386128859833	0.000386128859833	0.000386128859833	0.000386128859833	-3.40282346639e+38	-3.40282346639e+38	
-3.40282346639e+38	0.000386128859833	0.000386128859833	0.000386128859833	0.000386128859833	0.000386128859833	0.000386128859833	0.000386128859833	0.000386128859833	-3.40282346639e+38	-3.40282346639e+38	
-3.40282346639e+38	0.000386128859834	0.000386128859834	0.000386128859834	0.000386128859834	0.000386128859834	0.000386128859834	0.000386128859834	0.000386128859834	-3.40282346639e+38	-3.40282346639e+38	
-3.40282346639e+38	0.000386128859834	0.000386128859834	0.000386128859834	0.000386128859834	0.000386128859834	0.000386128859834	0.000386128859834	0.000386128859834	-3.40282346639e+38	-3.40282346639e+38	
-3.40282346639e+38	0.000386128859834	0.000386128859834	0.000386128859834	0.000386128859834	0.000386128859834	0.000386128859834	0.000386128859834	0.000386128859834	-3.40282346639e+38	-3.40282346639e+38	
-3.40282346639e+38	0.000386128859834	0.000386128859834	0.000386128859834	0.000386128859834	0.000386128859834	0.000386128859834	0.000386128859834	0.000386128859834	-3.40282346639e+38	-3.40282346639e+38	
-3.40282346639e+38	0.000386128859834	0.000386128859834	0.000386128859834	0.000386128859834	0.000386128859834	0.000386128859834	0.000386128859834	0.000386128859834	-3.40282346639e+38	-3.40282346639e+38	
-3.40282346639e+38	0.000386128859835	0.000386128859835	0.000386128859835	0.000386128859835	0.000386128859835	0.000386128859835	0.000386128859835	0.000386128859835	-3.40282346639e+38	-3.40282346639e+38	
-3.40282346639e+38	0.000386128859835	0.000386128859835	0.000386128859835	0.000386128859835	0.000386128859835	0.000386128859835	0.000386128859835	0.000386128859835	-3.40282346639e+38	-3.40282346639e+38	
-3.40282346639e+38	0.000386128859835	0.000386128859835	0.000386128859835	0.000386128859835	0.000386128859835	0.000386128859835	0.000386128859835	0.000386128859835	-3.40282346639e+38	-3.40282346639e+38	
-3.40282346639e+38	0.000386128859835	0.000386128859835	0.000386128859835	0.000386128859835	0.000386128859835	0.000386128859835	0.000386128859835	0.000386128859835	-3.40282346639e+38	-3.40282346639e+38	
-3.40282346639e+38	0.000386128859835	0.000386128859835	0.000386128859835	0.000386128859835	0.000386128859835	0.000386128859835	0.000386128859835	0.000386128859835	-3.40282346639e+38	-3.40282346639e+38	
-3.40282346639e+38	0.000386128859835	0.000386128859835	0.000386128859835	0.000386128859835	0.000386128859835	0.000386128859835	0.000386128859835	0.000386128859835	-3.40282346639e+38	-3.40282346639e+38	
-3.40282346639e+38	0.000386128859835	0.000386128859835	0.000386128859835	0.000386128859835	0.000386128859835	0.000386128859835	0.000386128859835	0.000386128859835	-3.40282346639e+38	-3.40282346639e+38	
-3.40282346639e+38	0.000386128859835	0.000386128859835	0.000386128859835	0.000386128859835	0.000386128859835	0.000386128859835	0.000386128859835	0.000386128859835	-3.40282346639e+38	-3.40282346639e+38	
-3.40282346639e+38	0.000386128859835	0.000386128859835	0.000386128859835	0.000386128859835	0.000386128859835	0.000386128859835	0.000386128859835	0.000386128859835	-3.40282346639e+38	-3.40282346639e+38	
-3.40282346639e+38	0.000386128859835	0.000386128859835	0.000386128859835	0.000386128859835	0.000386128859835	0.000386128859835	0.000386128859835	0.000386128859835	-3.40282346639e+38	-3.40282346639e+38	
-3.40282346639e+38	0.000386128859835	0.000386128859835	0.000386128859835	0.000386128859835	0.000386128859835	0.000386128859835	0.000386128859835	0.000386128859835	-3.40282346639e+38	-3.40282346639e+38	
-3.40282346639e+38	0.000386128859835	0.000386128859835	0.000386128859835	0.000386128859835	0.000386128859835	0.000386128859835	0.000386128859835	0.000386128859835	-3.40282346639e+38	-3.40282346639e+38	
-3.40282346639e+38	0.000386128859835	0.000386128859835	0.000386128859835	0.000386128859835	0.000386128859835	0.000386128859835	0.000386128859835	0.000386128859835	-3.40282346639e+38	-3.40282346639e+38	
-3.40282346639e+38	-3.40282346639e+38	-3.40282346639e+38	-3.40282346639e+38	-3.40282346639e+38	-3.40282346639e+38	-3.40282346639e+38	-3.40282346639e+38	-3.40282346639e+38	-3.40282346639e+38	-3.40282346639e+38	
