out/0000000013h.asc
ncols 11
nrows 101
xllcorner -0.5
yllcorner -0.5
cellsize 1.0
nodata_value -3.40282346639e+38
-3.40282346639e+38	-3.40282346639e+38	-3.40282346639e+38	-3.40282346639e+38	-3.40282346639e+38	-3.40282346639e+38	-3.40282346639e+38	-3.40282346639e+38	-3.40282346639e+38	-3.40282346639e+38	-3.40282346639e+38	
-3.40282346639e+38	-3.40282346639e+38	-3.40282346639e+38	-3.40282346639e+38	-3.40282346639e+38	-3.40282346639e+38	-3.40282346639e+38	-3.40282346639e+38	-3.40282346639e+38	-3.40282346639e+38	-3.40282346639e+38	
-3.40282346639e+38	0.000123945642129	0.000123945642129	0.000123945642129	0.000123945642129	0.000123945642129	0.000123945642129	0.000123945642129	0.000123945642129	-3.40282346639e+38	-3.40282346639e+38	
-3.40282346639e+38	0.000124051916103	0.000124051916103	0.000124051916103	0.000124051916103	0.000124051916103	0.000124051916103	0.000124051916103	0.000124051916103	-3.40282346639e+38	-3.40282346639e+38	
-3.40282346639e+38	0.000124055135931	0.000124055135931	0.000124055135931	0.000124055135931	0.000124055135931	0.000124055135931	0.000124055135931	0.000124055135931	-3.40282346639e+38	-3.40282346639e+38	
-3.40282346639e+38	0.000124055236337	0.000124055236337	0.000124055236337	0.000124055236337	0.000124055236337	0.000124055236337	0.000124055236337	0.000124055236337	-3.40282346639e+38	-3.40282346639e+38	
-3.40282346639e+38	0.000124055255377	0.000124055255377	0.000124055255377	0.000124055255377	0.000124055255377	0.000124055255377	0.000124055255377	0.000124055255377	-3.40282346639e+38	-3.40282346639e+38	
-3.40282346639e+38	0.000124055270216	0.000124055270216	0.000124055270216	0.000124055270216	0.000124055270216	0.000124055270216	0.000124055270216	0.000124055270216	-3.40282346639e+38	-3.40282346639e+38	
-3.40282346639e+38	0.000124055282882	0.000124055282882	0.000124055282882	0.000124055282882	0.000124055282882	0.000124055282882	0.000124055282882	0.000124055282882	-3.40282346639e+38	-3.40282346639e+38	
-3.40282346639e+38	0.000124055293707	0.000124055293707	0.000124055293707	0.000124055293707	0.000124055293707	0.000124055293707	0.000124055293707	0.000124055293707	-3.40282346639e+38	-3.40282346639e+38	
-3.40282346639e+38	0.000124055302953	0.000124055302953	0.000124055302953	0.000124055302953	0.000124055302953	0.000124055302953	0.000124055302953	0.000124055302953	-3.40282346639e+38	-3.40282346639e+38	
-3.40282346639e+38	0.000124055310845	0.000124055310845	0.000124055310845	0.000124055310845	0.000124055310845	0.000124055310845	0.000124055310845	0.000124055310845	-3.40282346639e+38	-3.40282346639e+38	
-3.40282346639e+38	0.000124055317579	0.000124055317579	0.000124055317579	0.000124055317579	0.000124055317579	0.000124055317579	0.000124055317579	0.000124055317579	-3.40282346639e+38	-3.40282346639e+38	
-3.40282346639e+38	0.000124055323322	0.000124055323322	0.000124055323322	0.000124055323322	0.000124055323322	0.000124055323322	0.000124055323322	0.000124055323322	-3.40282346639e+38	-3.40282346639e+38	
-3.40282346639e+38	0.00012405532822	0.00012405532822	0.00012405532822	0.00012405532822	0.00012405532822	0.00012405532822	0.00012405532822	0.00012405532822	-3.40282346639e+38	-3.40282346639e+38	
-3.40282346639e+38	0.000124055332396	0.000124055332396	0.000124055332396	0.000124055332396	0.000124055332396	0.000124055332396	0.000124055332396	0.000124055332396	-3.40282346639e+38	-3.40282346639e+38	
-3.40282346639e+38	0.000124055335956	0.000124055335956	0.000124055335956	0.000124055335956	0.000124055335956	0.000124055335956	0.000124055335956	0.000124055335956	-3.40282346639e+38	-3.40282346639e+38	
-3.40282346639e+38	0.000124055338991	0.000124055338991	0.000124055338991	0.000124055338991	0.000124055338991	0.000124055338991	0.000124055338991	0.000124055338991	-3.40282346639e+38	-3.40282346639e+38	
-3.40282346639e+38	0.000124055341578	0.000124055341578	0.000124055341578	0.000124055341578	0.000124055341578	0.000124055341578	0.000124055341578	0.000124055341578	-3.40282346639e+38	-3.40282346639e+38	
-3.40282346639e+38	0.000124055343785	0.000124055343785	0.000124055343785	0.000124055343785	0.000124055343785	0.000124055343785	0.000124055343785	0.000124055343785	-3.40282346639e+38	-3.40282346639e+38	
-3.40282346639e+38	0.000124055345666	0.000124055345666	0.000124055345666	0.000124055345666	0.000124055345666	0.000124055345666	0.000124055345666	0.000124055345666	-3.40282346639e+38	-3.40282346639e+38	
-3.40282346639e+38	0.000124055347271	0.000124055347271	0.000124055347271	0.000124055347271	0.000124055347271	0.000124055347271	0.000124055347271	0.000124055347271	-3.40282346639e+38	-3.40282346639e+38	
-3.40282346639e+38	0.00012405534864	0.00012405534864	0.00012405534864	0.00012405534864	0.00012405534864	0.00012405534864	0.00012405534864	0.00012405534864	-3.40282346639e+38	-3.40282346639e+38	
-3.40282346639e+38	0.000124055349808	0.000124055349808	0.000124055349808	0.000124055349808	0.000124055349808	0.000124055349808	0.000124055349808	0.000124055349808	-3.40282346639e+38	-3.40282346639e+38	
-3.40282346639e+38	0.000124055350805	0.000124055350805	0.000124055350805	0.000124055350805	0.000124055350805	0.000124055350805	0.000124055350805	0.000124055350805	-3.40282346639e+38	-3.40282346639e+38	
-3.40282346639e+38	0.000124055351657	0.000124055351657	0.000124055351657	0.000124055351657	0.000124055351657	0.000124055351657	0.000124055351657	0.000124055351657	-3.40282346639e+38	-3.40282346639e+38	
-3.40282346639e+38	0.000124055352384	0.000124055352384	0.000124055352384	0.000124055352384	0.000124055352384	0.000124055352384	0.000124055352384	0.000124055352384	-3.40282346639e+38	-3.40282346639e+38	
-3.40282346639e+38	0.000124055353006	0.000124055353006	0.000124055353006	0.000124055353006	0.000124055353006	0.000124055353006	0.000124055353006	0.000124055353006	-3.40282346639e+38	-3.40282346639e+38	
-3.40282346639e+38	0.000124055353537	0.000124055353537	0.000124055353537	0.000124055353537	0.000124055353537	0.000124055353537	0.000124055353537	0.000124055353537	-3.40282346639e+38	-3.40282346639e+38	
-3.40282346639e+38	0.000124055353991	0.000124055353991	0.000124055353991	0.000124055353991	0.000124055353991	0.000124055353991	0.000124055353991	0.000124055353991	-3.40282346639e+38	-3.40282346639e+38	
-3.40282346639e+38	0.00012405535438	0.00012405535438	0.00012405535438	0.00012405535438	0.00012405535438	0.00012405535438	0.00012405535438	0.00012405535438	-3.40282346639e+38	-3.40282346639e+38	
-3.40282346639e+38	0.000124055354712	0.000124055354712	0.000124055354712	0.000124055354712	0.000124055354712	0.000124055354712	0.000124055354712	0.000124055354712	-3.40282346639e+38	-3.40282346639e+38	
-3.40282346639e+38	0.000124055354997	0.000124055354997	0.000124055354997	0.000124055354997	0.000124055354997	0.000124055354997	0.000124055354997	0.000124055354997	-3.40282346639e+38	-3.40282346639e+38	
-3.40282346639e+38	0.000124055355241	0.000124055355241	0.000124055355241	0.000124055355241	0.000124055355241	0.000124055355241	0.000124055355241	0.000124055355241	-3.40282346639e+38	-3.40282346639e+38	
-3.40282346639e+38	0.000124055355449	0.000124055355449	0.000124055355449	0.000124055355449	0.000124055355449	0.000124055355449	0.000124055355449	0.000124055355449	-3.40282346639e+38	-3.40282346639e+38	
-3.40282346639e+38	0.000124055355628	0.000124055355628	0.000124055355628	0.000124055355628	0.000124055355628	0.000124055355628	0.000124055355628	0.000124055355628	-3.40282346639e+38	-3.40282346639e+38	
-3.40282346639e+38	0.000124055355782	0.000124055355782	0.000124055355782	0.000124055355782	0.000124055355782	0.000124055355782	0.000124055355782	0.000124055355782	-3.40282346639e+38	-3.40282346639e+38	
-3.40282346639e+38	0.000124055355914	0.000124055355914	0.000124055355914	0.000124055355914	0.000124055355914	0.000124055355914	0.000124055355914	0.000124055355914	-3.40282346639e+38	-3.40282346639e+38	
-3.40282346639e+38	0.000124055356027	0.000124055356027	0.000124055356027	0.000124055356027	0.000124055356027	0.000124055356027	0.000124055356027	0.000124055356027	-3.40282346639e+38	-3.40282346639e+38	
-3.40282346639e+38	0.000124055356124	0.000124055356124	0.000124055356124	0.000124055356124	0.000124055356124	0.000124055356124	0.000124055356124	0.000124055356124	-3.40282346639e+38	-3.40282346639e+38	
-3.40282346639e+38	0.000124055356207	0.000124055356207	0.000124055356207	0.000124055356207	0.000124055356207	0.000124055356207	0.000124055356207	0.000124055356207	-3.40282346639e+38	-3.40282346639e+38	
-3.40282346639e+38	0.000124055356279	0.000124055356279	0.000124055356279	0.000124055356279	0.000124055356279	0.000124055356279	0.000124055356279	0.000124055356279	-3.40282346639e+38	-3.40282346639e+38	
-3.40282346639e+38	0.000124055356341	0.000124055356341	0.000124055356341	0.000124055356341	0.000124055356341	0.000124055356341	0.000124055356341	0.000124055356341	-3.40282346639e+38	-3.40282346639e+38	
-3.40282346639e+38	0.000124055356394	0.000124055356394	0.000124055356394	0.000124055356394	0.000124055356394	0.000124055356394	0.000124055356394	0.000124055356394	-3.40282346639e+38	-3.40282346639e+38	
-3.40282346639e+38	0.00012405535644	0.00012405535644	0.00012405535644	0.00012405535644	0.00012405535644	0.00012405535644	0.00012405535644	0.00012405535644	-3.40282346639e+38	-3.40282346639e+38	
-3.40282346639e+38	0.000124055356479	0.000124055356479	0.000124055356479	0.000124055356479	0.000124055356479	0.000124055356479	0.000124055356479	0.000124055356479	-3.40282346639e+38	-3.40282346639e+38	
-3.40282346639e+38	0.000124055356513	0.000124055356513	0.000124055356513	0.000124055356513	0.000124055356513	0.000124055356513	0.000124055356513	0.000124055356513	-3.40282346639e+38	-3.40282346639e+38	
-3.40282346639e+38	0.000124055356542	0.000124055356542	0.000124055356542	0.000124055356542	0.000124055356542	0.000124055356542	0.000124055356542	0.000124055356542	-3.40282346639e+38	-3.40282346639e+38	
-3.40282346639e+38	0.000124055356567	0.000124055356567	0.000124055356567	0.000124055356567	0.000124055356567	0.000124055356567	0.000124055356567	0.000124055356567	-3.40282346639e+38	-3.40282346639e+38	
-3.40282346639e+38	0.000124055356589	0.000124055356589	0.000124055356589	0.000124055356589	0.000124055356589	0.000124055356589	0.000124055356589	0.000124055356589	-3.40282346639e+38	-3.40282346639e+38	
-3.40282346639e+38	0.000124055356608	0.000124055356608	0.000124055356608	0.000124055356608	0.000124055356608	0.000124055356608	0.000124055356608	0.000124055356608	-3.40282346639e+38	-3.40282346639e+38	
-3.40282346639e+38	0.000124055356624	0.000124055356624	0.000124055356624	0.000124055356624	0.000124055356624	0.000124055356624	0.000124055356624	0.000124055356624	-3.40282346639e+38	-3.40282346639e+38	
-3.40282346639e+38	0.000124055356638	0.000124055356638	0.000124055356638	0.000124055356638	0.000124055356638	0.000124055356638	0.000124055356638	0.000124055356638	-3.40282346639e+38	-3.40282346639e+38	
-3.40282346639e+38	0.00012405535665	0.00012405535665	0.00012405535665	0.00012405535665	0.00012405535665	0.00012405535665	0.00012405535665	0.00012405535665	-3.40282346639e+38	-3.40282346639e+38	
-3.40282346639e+38	0.000124055356661	0.000124055356661	0.000124055356661	0.000124055356661	0.000124055356661	0.000124055356661	0.000124055356661	0.000124055356661	-3.40282346639e+38	-3.40282346639e+38	
-3.40282346639e+38	0.00012405535667	0.00012405535667	0.00012405535667	0.00012405535667	0.00012405535667	0.00012405535667	0.00012405535667	0.00012405535667	-3.40282346639e+38	-3.40282346639e+38	
-3.40282346639e+38	0.000124055356678	0.000124055356678	0.000124055356678	0.000124055356678	0.000124055356678	0.000124055356678	0.000124055356678	0.000124055356678	-3.40282346639e+38	-3.40282346639e+38	
-3.40282346639e+38	0.000124055356685	0.000124055356685	0.000124055356685	0.000124055356685	0.000124055356685	0.000124055356685	0.000124055356685	0.000124055356685	-3.40282346639e+38	-3.40282346639e+38	
-3.40282346639e+38	0.000124055356691	0.000124055356691	0.000124055356691	0.000124055356691	0.000124055356691	0.000124055356691	0.000124055356691	0.000124055356691	-3.40282346639e+38	-3.40282346639e+38	
-3.40282346639e+38	0.000124055356696	0.000124055356696	0.000124055356696	0.000124055356696	0.000124055356696	0.000124055356696	0.000124055356696	0.000124055356696	-3.40282346639e+38	-3.40282346639e+38	
-3.40282346639e+38	0.0001240553567	0.0001240553567	0.0001240553567	0.0001240553567	0.0001240553567	0.0001240553567	0.0001240553567	0.0001240553567	-3.40282346639e+38	-3.40282346639e+38	
-3.40282346639e+38	0.000124055356704	0.000124055356704	0.000124055356704	0.000124055356704	0.000124055356704	0.000124055356704	0.000124055356704	0.000124055356704	-3.40282346639e+38	-3.40282346639e+38	
-3.40282346639e+38	0.000124055356708	0.000124055356708	0.000124055356708	0.000124055356708	0.000124055356708	0.000124055356708	0.000124055356708	0.000124055356708	-3.40282346639e+38	-3.40282346639e+38	
-3.40282346639e+38	0.00012405535671	0.00012405535671	0.00012405535671	0.00012405535671	0.00012405535671	0.00012405535671	0.00012405535671	0.00012405535671	-3.40282346639e+38	-3.40282346639e+38	
-3.40282346639e+38	0.000124055356713	0.000124055356713	0.000124055356713	0.000124055356713	0.000124055356713	0.000124055356713	0.000124055356713	0.000124055356713	-3.40282346639e+38	-3.40282346639e+38	
-3.40282346639e+38	0.000124055356715	0.000124055356715	0.000124055356715	0.000124055356715	0.000124055356715	0.000124055356715	0.000124055356715	0.000124055356715	-3.40282346639e+38	-3.40282346639e+38	
-3.40282346639e+38	0.000124055356717	0.000124055356717	0.000124055356717	0.000124055356717	0.000124055356717	0.000124055356717	0.000124055356717	0.000124055356717	-3.40282346639e+38	-3.40282346639e+38	
-3.40282346639e+38	0.000124055356719	0.000124055356719	0.000124055356719	0.000124055356719	0.000124055356719	0.000124055356719	0.000124055356719	0.000124055356719	-3.40282346639e+38	-3.40282346639e+38	
-3.40282346639e+38	0.00012405535672	0.00012405535672	0.00012405535672	0.00012405535672	0.00012405535672	0.00012405535672	0.00012405535672	0.00012405535672	-3.40282346639e+38	-3.40282346639e+38	
-3.40282346639e+38	0.000124055356722	0.000124055356722	0.000124055356722	0.000124055356722	0.000124055356722	0.000124055356722	0.000124055356722	0.000124055356722	-3.40282346639e+38	-3.40282346639e+38	
-3.40282346639e+38	0.000124055356723	0.000124055356723	0.000124055356723	0.000124055356723	0.000124055356723	0.000124055356723	0.000124055356723	0.000124055356723	-3.40282346639e+38	-3.40282346639e+38	
-3.40282346639e+38	0.000124055356724	0.000124055356724	0.000124055356724	0.000124055356724	0.000124055356724	0.000124055356724	0.000124055356724	0.000124055356724	-3.40282346639e+38	-3.40282346639e+38	
-3.40282346639e+38	0.000124055356725	0.000124055356725	0.000124055356725	0.000124055356725	0.000124055356725	0.000124055356725	0.000124055356725	0.000124055356725	-3.40282346639e+38	-3.40282346639e+38	
-3.40282346639e+38	0.000124055356725	0.000124055356725	0.000124055356725	0.000124055356725	0.000124055356725	0.000124055356725	0.000124055356725	0.000124055356725	-3.40282346639e+38	-3.40282346639e+38	
-3.40282346639e+38	0.000124055356726	0.000124055356726	0.000124055356726	0.000124055356726	0.000124055356726	0.000124055356726	0.000124055356726	0.000124055356726	-3.40282346639e+38	-3.40282346639e+38	
-3.40282346639e+38	0.000124055356727	0.000124055356727	0.000124055356727	0.000124055356727	0.000124055356727	0.000124055356727	0.000124055356727	0.000124055356727	-3.40282346639e+38	-3.40282346639e+38	
-3.40282346639e+38	0.000124055356727	0.000124055356727	0.000124055356727	0.000124055356727	0.000124055356727	0.000124055356727	0.000124055356727	0.000124055356727	-3.40282346639e+38	-3.40282346639e+38	
-3.40282346639e+38	0.000124055356728	0.000124055356728	0.000124055356728	0.000124055356728	0.000124055356728	0.000124055356728	0.000124055356728	0.000124055356728	-3.40282346639e+38	-3.40282346639e+38	
-3.40282346639e+38	0.000124055356728	0.000124055356728	0.000124055356728	0.000124055356728	0.000124055356728	0.000124055356728	0.000124055356728	0.000124055356728	-3.40282346639e+38	-3.40282346639e+38	
-3.40282346639e+38	0.000124055356728	0.000124055356728	0.000124055356728	0.000124055356728	0.000124055356728	0.000124055356728	0.000124055356728	0.000124055356728	-3.40282346639e+38	-3.40282346639e+38	
-3.40282346639e+38	0.000124055356729	0.000124055356729	0.000124055356729	0.000124055356729	0.000124055356729	0.000124055356729	0.000124055356729	0.000124055356729	-3.40282346639e+38	-3.40282346639e+38	
-3.40282346639e+38	0.000124055356729	0.000124055356729	0.000124055356729	0.000124055356729	0.000124055356729	0.000124055356729	0.000124055356729	0.000124055356729	-3.40282346639e+38	-3.40282346639e+38	
-3.40282346639e+38	0.000124055356729	0.000124055356729	0.000124055356729	0.000124055356729	0.000124055356729	0.000124055356729	0.000124055356729	0.000124055356729	-3.40282346639e+38	-3.40282346639e+38	
-3.40282346639e+38	0.000124055356729	0.000124055356729	0.000124055356729	0.000124055356729	0.000124055356729	0.000124055356729	0.000124055356729	0.000124055356729	-3.40282346639e+38	-3.40282346639e+38	
-3.40282346639e+38	0.00012405535673	0.00012405535673	0.00012405535673	0.00012405535673	0.00012405535673	0.00012405535673	0.00012405535673	0.00012405535673	-3.40282346639e+38	-3.40282346639e+38	
-3.40282346639e+38	0.00012405535673	0.00012405535673	0.00012405535673	0.00012405535673	0.00012405535673	0.00012405535673	0.00012405535673	0.00012405535673	-3.40282346639e+38	-3.40282346639e+38	
-3.40282346639e+38	0.00012405535673	0.00012405535673	0.00012405535673	0.00012405535673	0.00012405535673	0.00012405535673	0.00012405535673	0.00012405535673	-3.40282346639e+38	-3.40282346639e+38	
-3.40282346639e+38	0.00012405535673	0.00012405535673	0.00012405535673	0.00012405535673	0.00012405535673	0.00012405535673	0.00012405535673	0.00012405535673	-3.40282346639e+38	-3.40282346639e+38	
-3.40282346639e+38	0.00012405535673	0.00012405535673	0.00012405535673	0.00012405535673	0.00012405535673	0.00012405535673	0.00012405535673	0.00012405535673	-3.40282346639e+38	-3.40282346639e+38	
-3.40282346639e+38	0.00012405535673	0.00012405535673	0.00012405535673	0.00012405535673	0.00012405535673	0.00012405535673	0.00012405535673	0.00012405535673	-3.40282346639e+38	-3.40282346639e+38	
-3.40282346639e+38	0.00012405535673	0.00012405535673	0.00012405535673	0.00012405535673	0.00012405535673	0.00012405535673	0.00012405535673	0.00012405535673	-3.40282346639e+38	-3.40282346639e+38	
-3.40282346639e+38	0.000124055356731	0.000124055356731	0.000124055356731	0.000124055356731	0.000124055356731	0.000124055356731	0.000124055356731	0.000124055356731	-3.40282346639e+38	-3.40282346639e+38	
-3.40282346639e+38	0.000124055356731	0.000124055356731	0.000124055356731	0.000124055356731	0.000124055356731	0.000124055356731	0.000124055356731	0.000124055356731	-3.40282346639e+38	-3.40282346639e+38	
-3.40282346639e+38	0.000124055356731	0.000124055356731	0.000124055356731	0.000124055356731	0.000124055356731	0.000124055356731	0.000124055356731	0.000124055356731	-3.40282346639e+38	-3.40282346639e+38	
-3.40282346639e+38	0.000124055356731	0.000124055356731	0.000124055356731	0.000124055356731	0.000124055356731	0.000124055356731	0.000124055356731	0.000124055356731	-3.40282346639e+38	-3.40282346639e+38	
-3.40282346639e+38	0.000124055356731	0.000124055356731	0.000124055356731	0.000124055356731	0.000124055356731	0.000124055356731	0.000124055356731	0.000124055356731	-3.40282346639e+38	-3.40282346639e+38	
-3.40282346639e+38	0.000124055356731	0.000124055356731	0.000124055356731	0.000124055356731	0.000124055356731	0.000124055356731	0.000124055356731	0.000124055356731	-3.40282346639e+38	-3.40282346639e+38	
-3.40282346639e+38	0.000124055356731	0.000124055356731	0.000124055356731	0.000124055356731	0.000124055356731	0.000124055356731	0.000124055356731	0.000124055356731	-3.40282346639e+38	-3.40282346639e+38	
-3.40282346639e+38	0.000124055356731	0.000124055356731	0.000124055356731	0.000124055356731	0.000124055356731	0.000124055356731	0.000124055356731	0.000124055356731	-3.40282346639e+38	-3.40282346639e+38	
-3.40282346639e+38	0.000124055356731	0.000124055356731	0.000124055356731	0.000124055356731	0.000124055356731	0.000124055356731	0.000124055356731	0.000124055356731	-3.40282346639e+38	-3.40282346639e+38	
-3.40282346639e+38	-3.40282346639e+38	-3.40282346639e+38	-3.40282346639e+38	-3.40282346639e+38	-3.40282346639e+38	-3.40282346639e+38	-3.40282346639e+38	-3.40282346639e+38	-3.40282346639e+38	-3.40282346639e+38	
