out/0000000015h.asc
ncols 11
nrows 101
xllcorner -0.5
yllcorner -0.5
cellsize 1.0
nodata_value -3.40282346639e+38
-3.40282346639e+38	-3.40282346639e+38	-3.40282346639e+38	-3.40282346639e+38	-3.40282346639e+38	-3.40282346639e+38	-3.40282346639e+38	-3.40282346639e+38	-3.40282346639e+38	-3.40282346639e+38	-3.40282346639e+38	
-3.40282346639e+38	-3.40282346639e+38	-3.40282346639e+38	-3.40282346639e+38	-3.40282346639e+38	-3.40282346639e+38	-3.40282346639e+38	-3.40282346639e+38	-3.40282346639e+38	-3.40282346639e+38	-3.40282346639e+38	
-3.40282346639e+38	0.000144783479353	0.000144783479353	0.000144783479353	0.000144783479353	0.000144783479353	0.000144783479353	0.000144783479353	0.000144783479353	-3.40282346639e+38	-3.40282346639e+38	
-3.40282346639e+38	0.000144978973434	0.000144978973434	0.000144978973434	0.000144978973434	0.000144978973434	0.000144978973434	0.000144978973434	0.000144978973434	-3.40282346639e+38	-3.40282346639e+38	
-3.40282346639e+38	0.000144986362306	0.000144986362306	0.000144986362306	0.000144986362306	0.000144986362306	0.000144986362306	0.000144986362306	0.000144986362306	-3.40282346639e+38	-3.40282346639e+38	
-3.40282346639e+38	0.000144986613124	0.000144986613124	0.000144986613124	0.000144986613124	0.000144986613124	0.000144986613124	0.000144986613124	0.000144986613124	-3.40282346639e+38	-3.40282346639e+38	
-3.40282346639e+38	0.000144986636738	0.000144986636738	0.000144986636738	0.000144986636738	0.000144986636738	0.000144986636738	0.000144986636738	0.000144986636738	-3.40282346639e+38	-3.40282346639e+38	
-3.40282346639e+38	0.000144986651757	0.000144986651757	0.000144986651757	0.000144986651757	0.000144986651757	0.000144986651757	0.000144986651757	0.000144986651757	-3.40282346639e+38	-3.40282346639e+38	
-3.40282346639e+38	0.00014498666448	0.00014498666448	0.00014498666448	0.00014498666448	0.00014498666448	0.00014498666448	0.00014498666448	0.00014498666448	-3.40282346639e+38	-3.40282346639e+38	
-3.40282346639e+38	0.000144986675352	0.000144986675352	0.000144986675352	0.000144986675352	0.000144986675352	0.000144986675352	0.000144986675352	0.000144986675352	-3.40282346639e+38	-3.40282346639e+38	
-3.40282346639e+38	0.000144986684638	0.000144986684638	0.000144986684638	0.000144986684638	0.000144986684638	0.000144986684638	0.000144986684638	0.000144986684638	-3.40282346639e+38	-3.40282346639e+38	
-3.40282346639e+38	0.000144986692565	0.000144986692565	0.000144986692565	0.000144986692565	0.000144986692565	0.000144986692565	0.000144986692565	0.000144986692565	-3.40282346639e+38	-3.40282346639e+38	
-3.40282346639e+38	0.000144986699329	0.000144986699329	0.000144986699329	0.000144986699329	0.000144986699329	0.000144986699329	0.000144986699329	0.000144986699329	-3.40282346639e+38	-3.40282346639e+38	
-3.40282346639e+38	0.000144986705098	0.000144986705098	0.000144986705098	0.000144986705098	0.000144986705098	0.000144986705098	0.000144986705098	0.000144986705098	-3.40282346639e+38	-3.40282346639e+38	
-3.40282346639e+38	0.000144986710017	0.000144986710017	0.000144986710017	0.000144986710017	0.000144986710017	0.000144986710017	0.000144986710017	0.000144986710017	-3.40282346639e+38	-3.40282346639e+38	
-3.40282346639e+38	0.000144986714212	0.000144986714212	0.000144986714212	0.000144986714212	0.000144986714212	0.000144986714212	0.000144986714212	0.000144986714212	-3.40282346639e+38	-3.40282346639e+38	
-3.40282346639e+38	0.000144986717788	0.000144986717788	0.000144986717788	0.000144986717788	0.000144986717788	0.000144986717788	0.000144986717788	0.000144986717788	-3.40282346639e+38	-3.40282346639e+38	
-3.40282346639e+38	0.000144986720836	0.000144986720836	0.000144986720836	0.000144986720836	0.000144986720836	0.000144986720836	0.000144986720836	0.000144986720836	-3.40282346639e+38	-3.40282346639e+38	
-3.40282346639e+38	0.000144986723436	0.000144986723436	0.000144986723436	0.000144986723436	0.000144986723436	0.000144986723436	0.000144986723436	0.000144986723436	-3.40282346639e+38	-3.40282346639e+38	
-3.40282346639e+38	0.000144986725652	0.000144986725652	0.000144986725652	0.000144986725652	0.000144986725652	0.000144986725652	0.000144986725652	0.000144986725652	-3.40282346639e+38	-3.40282346639e+38	
-3.40282346639e+38	0.000144986727542	0.000144986727542	0.000144986727542	0.000144986727542	0.000144986727542	0.000144986727542	0.000144986727542	0.000144986727542	-3.40282346639e+38	-3.40282346639e+38	
-3.40282346639e+38	0.000144986729154	0.000144986729154	0.000144986729154	0.000144986729154	0.000144986729154	0.000144986729154	0.000144986729154	0.000144986729154	-3.40282346639e+38	-3.40282346639e+38	
-3.40282346639e+38	0.000144986730529	0.000144986730529	0.000144986730529	0.000144986730529	0.000144986730529	0.000144986730529	0.000144986730529	0.000144986730529	-3.40282346639e+38	-3.40282346639e+38	
-3.40282346639e+38	0.000144986731703	0.000144986731703	0.000144986731703	0.000144986731703	0.000144986731703	0.000144986731703	0.000144986731703	0.000144986731703	-3.40282346639e+38	-3.40282346639e+38	
-3.40282346639e+38	0.000144986732705	0.000144986732705	0.000144986732705	0.000144986732705	0.000144986732705	0.000144986732705	0.000144986732705	0.000144986732705	-3.40282346639e+38	-3.40282346639e+38	
-3.40282346639e+38	0.00014498673356	0.00014498673356	0.00014498673356	0.00014498673356	0.00014498673356	0.00014498673356	0.00014498673356	0.00014498673356	-3.40282346639e+38	-3.40282346639e+38	
-3.40282346639e+38	0.000144986734291	0.000144986734291	0.000144986734291	0.000144986734291	0.000144986734291	0.000144986734291	0.000144986734291	0.000144986734291	-3.40282346639e+38	-3.40282346639e+38	
-3.40282346639e+38	0.000144986734915	0.000144986734915	0.000144986734915	0.000144986734915	0.000144986734915	0.000144986734915	0.000144986734915	0.000144986734915	-3.40282346639e+38	-3.40282346639e+38	
-3.40282346639e+38	0.000144986735449	0.000144986735449	0.000144986735449	0.000144986735449	0.000144986735449	0.000144986735449	0.000144986735449	0.000144986735449	-3.40282346639e+38	-3.40282346639e+38	
-3.40282346639e+38	0.000144986735905	0.000144986735905	0.000144986735905	0.000144986735905	0.000144986735905	0.000144986735905	0.000144986735905	0.000144986735905	-3.40282346639e+38	-3.40282346639e+38	
-3.40282346639e+38	0.000144986736295	0.000144986736295	0.000144986736295	0.000144986736295	0.000144986736295	0.000144986736295	0.000144986736295	0.000144986736295	-3.40282346639e+38	-3.40282346639e+38	
-3.40282346639e+38	0.000144986736629	0.000144986736629	0.000144986736629	0.000144986736629	0.000144986736629	0.000144986736629	0.000144986736629	0.000144986736629	-3.40282346639e+38	-3.40282346639e+38	
-3.40282346639e+38	0.000144986736915	0.000144986736915	0.000144986736915	0.000144986736915	0.000144986736915	0.000144986736915	0.000144986736915	0.000144986736915	-3.40282346639e+38	-3.40282346639e+38	
-3.40282346639e+38	0.00014498673716	0.00014498673716	0.00014498673716	0.00014498673716	0.00014498673716	0.00014498673716	0.00014498673716	0.00014498673716	-3.40282346639e+38	-3.40282346639e+38	
-3.40282346639e+38	0.00014498673737	0.00014498673737	0.00014498673737	0.00014498673737	0.00014498673737	0.00014498673737	0.00014498673737	0.00014498673737	-3.40282346639e+38	-3.40282346639e+38	
-3.40282346639e+38	0.00014498673755	0.00014498673755	0.00014498673755	0.00014498673755	0.00014498673755	0.00014498673755	0.00014498673755	0.00014498673755	-3.40282346639e+38	-3.40282346639e+38	
-3.40282346639e+38	0.000144986737704	0.000144986737704	0.000144986737704	0.000144986737704	0.000144986737704	0.000144986737704	0.000144986737704	0.000144986737704	-3.40282346639e+38	-3.40282346639e+38	
-3.40282346639e+38	0.000144986737836	0.000144986737836	0.000144986737836	0.000144986737836	0.000144986737836	0.000144986737836	0.000144986737836	0.000144986737836	-3.40282346639e+38	-3.40282346639e+38	
-3.40282346639e+38	0.00014498673795	0.00014498673795	0.00014498673795	0.00014498673795	0.00014498673795	0.00014498673795	0.00014498673795	0.00014498673795	-3.40282346639e+38	-3.40282346639e+38	
-3.40282346639e+38	0.000144986738048	0.000144986738048	0.000144986738048	0.000144986738048	0.000144986738048	0.000144986738048	0.000144986738048	0.000144986738048	-3.40282346639e+38	-3.40282346639e+38	
-3.40282346639e+38	0.000144986738131	0.000144986738131	0.000144986738131	0.000144986738131	0.000144986738131	0.000144986738131	0.000144986738131	0.000144986738131	-3.40282346639e+38	-3.40282346639e+38	
-3.40282346639e+38	0.000144986738203	0.000144986738203	0.000144986738203	0.000144986738203	0.000144986738203	0.000144986738203	0.000144986738203	0.000144986738203	-3.40282346639e+38	-3.40282346639e+38	
-3.40282346639e+38	0.000144986738265	0.000144986738265	0.000144986738265	0.000144986738265	0.000144986738265	0.000144986738265	0.000144986738265	0.000144986738265	-3.40282346639e+38	-3.40282346639e+38	
-3.40282346639e+38	0.000144986738319	0.000144986738319	0.000144986738319	0.000144986738319	0.000144986738319	0.000144986738319	0.000144986738319	0.000144986738319	-3.40282346639e+38	-3.40282346639e+38	
-3.40282346639e+38	0.000144986738365	0.000144986738365	0.000144986738365	0.000144986738365	0.000144986738365	0.000144986738365	0.000144986738365	0.000144986738365	-3.40282346639e+38	-3.40282346639e+38	
-3.40282346639e+38	0.000144986738404	0.000144986738404	0.000144986738404	0.000144986738404	0.000144986738404	0.000144986738404	0.000144986738404	0.000144986738404	-3.40282346639e+38	-3.40282346639e+38	
-3.40282346639e+38	0.000144986738438	0.000144986738438	0.000144986738438	0.000144986738438	0.000144986738438	0.000144986738438	0.000144986738438	0.000144986738438	-3.40282346639e+38	-3.40282346639e+38	
-3.40282346639e+38	0.000144986738468	0.000144986738468	0.000144986738468	0.000144986738468	0.000144986738468	0.000144986738468	0.000144986738468	0.000144986738468	-3.40282346639e+38	-3.40282346639e+38	
-3.40282346639e+38	0.000144986738493	0.000144986738493	0.000144986738493	0.000144986738493	0.000144986738493	0.000144986738493	0.000144986738493	0.000144986738493	-3.40282346639e+38	-3.40282346639e+38	
-3.40282346639e+38	0.000144986738515	0.000144986738515	0.000144986738515	0.000144986738515	0.000144986738515	0.000144986738515	0.000144986738515	0.000144986738515	-3.40282346639e+38	-3.40282346639e+38	
-3.40282346639e+38	0.000144986738534	0.000144986738534	0.000144986738534	0.000144986738534	0.000144986738534	0.000144986738534	0.000144986738534	0.000144986738534	-3.40282346639e+38	-3.40282346639e+38	
-3.40282346639e+38	0.00014498673855	0.00014498673855	0.00014498673855	0.00014498673855	0.00014498673855	0.00014498673855	0.00014498673855	0.00014498673855	-3.40282346639e+38	-3.40282346639e+38	
-3.40282346639e+38	0.000144986738564	0.000144986738564	0.000144986738564	0.000144986738564	0.000144986738564	0.000144986738564	0.000144986738564	0.000144986738564	-3.40282346639e+38	-3.40282346639e+38	
-3.40282346639e+38	0.000144986738576	0.000144986738576	0.000144986738576	0.000144986738576	0.000144986738576	0.000144986738576	0.000144986738576	0.000144986738576	-3.40282346639e+38	-3.40282346639e+38	
-3.40282346639e+38	0.000144986738587	0.000144986738587	0.000144986738587	0.000144986738587	0.000144986738587	0.000144986738587	0.000144986738587	0.000144986738587	-3.40282346639e+38	-3.40282346639e+38	
-3.40282346639e+38	0.000144986738596	0.000144986738596	0.000144986738596	0.000144986738596	0.000144986738596	0.000144986738596	0.000144986738596	0.000144986738596	-3.40282346639e+38	-3.40282346639e+38	
-3.40282346639e+38	0.000144986738604	0.000144986738604	0.000144986738604	0.000144986738604	0.000144986738604	0.000144986738604	0.000144986738604	0.000144986738604	-3.40282346639e+38	-3.40282346639e+38	
-3.40282346639e+38	0.000144986738611	0.000144986738611	0.000144986738611	0.000144986738611	0.000144986738611	0.000144986738611	0.000144986738611	0.000144986738611	-3.40282346639e+38	-3.40282346639e+38	
-3.40282346639e+38	0.000144986738617	0.000144986738617	0.000144986738617	0.000144986738617	0.000144986738617	0.000144986738617	0.000144986738617	0.000144986738617	-3.40282346639e+38	-3.40282346639e+38	
-3.40282346639e+38	0.000144986738622	0.000144986738622	0.000144986738622	0.000144986738622	0.000144986738622	0.000144986738622	0.000144986738622	0.000144986738622	-3.40282346639e+38	-3.40282346639e+38	
-3.40282346639e+38	0.000144986738627	0.000144986738627	0.000144986738627	0.000144986738627	0.000144986738627	0.000144986738627	0.000144986738627	0.000144986738627	-3.40282346639e+38	-3.40282346639e+38	
-3.40282346639e+38	0.00014498673863	0.00014498673863	0.00014498673863	0.00014498673863	0.00014498673863	0.00014498673863	0.00014498673863	0.00014498673863	-3.40282346639e+38	-3.40282346639e+38	
-3.40282346639e+38	0.000144986738634	0.000144986738634	0.000144986738634	0.000144986738634	0.000144986738634	0.000144986738634	0.000144986738634	0.000144986738634	-3.40282346639e+38	-3.40282346639e+38	
-3.40282346639e+38	0.000144986738637	0.000144986738637	0.000144986738637	0.000144986738637	0.000144986738637	0.000144986738637	0.000144986738637	0.000144986738637	-3.40282346639e+38	-3.40282346639e+38	
-3.40282346639e+38	0.000144986738639	0.000144986738639	0.000144986738639	0.000144986738639	0.000144986738639	0.000144986738639	0.000144986738639	0.000144986738639	-3.40282346639e+38	-3.40282346639e+38	
-3.40282346639e+38	0.000144986738642	0.000144986738642	0.000144986738642	0.000144986738642	0.000144986738642	0.000144986738642	0.000144986738642	0.000144986738642	-3.40282346639e+38	-3.40282346639e+38	
-3.40282346639e+38	0.000144986738644	0.000144986738644	0.000144986738644	0.000144986738644	0.000144986738644	0.000144986738644	0.000144986738644	0.000144986738644	-3.40282346639e+38	-3.40282346639e+38	
-3.40282346639e+38	0.000144986738645	0.000144986738645	0.000144986738645	0.000144986738645	0.000144986738645	0.000144986738645	0.000144986738645	0.000144986738645	-3.40282346639e+38	-3.40282346639e+38	
-3.40282346639e+38	0.000144986738647	0.000144986738647	0.000144986738647	0.000144986738647	0.000144986738647	0.000144986738647	0.000144986738647	0.000144986738647	-3.40282346639e+38	-3.40282346639e+38	
-3.40282346639e+38	0.000144986738648	0.000144986738648	0.000144986738648	0.000144986738648	0.000144986738648	0.000144986738648	0.000144986738648	0.000144986738648	-3.40282346639e+38	-3.40282346639e+38	
-3.40282346639e+38	0.000144986738649	0.000144986738649	0.000144986738649	0.000144986738649	0.000144986738649	0.000144986738649	0.000144986738649	0.000144986738649	-3.40282346639e+38	-3.40282346639e+38	
-3.40282346639e+38	0.00014498673865	0.00014498673865	0.00014498673865	0.00014498673865	0.00014498673865	0.00014498673865	0.00014498673865	0.00014498673865	-3.40282346639e+38	-3.40282346639e+38	
-3.40282346639e+38	0.000144986738651	0.000144986738651	0.000144986738651	0.000144986738651	0.000144986738651	0.000144986738651	0.000144986738651	0.000144986738651	-3.40282346639e+38	-3.40282346639e+38	
-3.40282346639e+38	0.000144986738652	0.000144986738652	0.000144986738652	0.000144986738652	0.000144986738652	0.000144986738652	0.000144986738652	0.000144986738652	-3.40282346639e+38	-3.40282346639e+38	
-3.40282346639e+38	0.000144986738653	0.000144986738653	0.000144986738653	0.000144986738653	0.000144986738653	0.000144986738653	0.000144986738653	0.000144986738653	-3.40282346639e+38	-3.40282346639e+38	
-3.40282346639e+38	0.000144986738653	0.000144986738653	0.000144986738653	0.000144986738653	0.000144986738653	0.000144986738653	0.000144986738653	0.000144986738653	-3.40282346639e+38	-3.40282346639e+38	
-3.40282346639e+38	0.000144986738654	0.000144986738654	0.000144986738654	0.000144986738654	0.000144986738654	0.000144986738654	0.000144986738654	0.000144986738654	-3.40282346639e+38	-3.40282346639e+38	
-3.40282346639e+38	0.000144986738654	0.000144986738654	0.000144986738654	0.000144986738654	0.000144986738654	0.000144986738654	0.000144986738654	0.000144986738654	-3.40282346639e+38	-3.40282346639e+38	
-3.40282346639e+38	0.000144986738654	0.000144986738654	0.000144986738654	0.000144986738654	0.000144986738654	0.000144986738654	0.000144986738654	0.000144986738654	-3.40282346639e+38	-3.40282346639e+38	
-3.40282346639e+38	0.000144986738655	0.000144986738655	0.000144986738655	0.000144986738655	0.000144986738655	0.000144986738655	0.000144986738655	0.000144986738655	-3.40282346639e+38	-3.40282346639e+38	
-3.40282346639e+38	0.000144986738655	0.000144986738655	0.000144986738655	0.000144986738655	0.000144986738655	0.000144986738655	0.000144986738655	0.000144986738655	-3.40282346639e+38	-3.40282346639e+38	
-3.40282346639e+38	0.000144986738655	0.000144986738655	0.000144986738655	0.000144986738655	0.000144986738655	0.000144986738655	0.000144986738655	0.000144986738655	-3.40282346639e+38	-3.40282346639e+38	
-3.40282346639e+38	0.000144986738656	0.000144986738656	0.000144986738656	0.000144986738656	0.000144986738656	0.000144986738656	0.000144986738656	0.000144986738656	-3.40282346639e+38	-3.40282346639e+38	
-3.40282346639e+38	0.000144986738656	0.000144986738656	0.000144986738656	0.000144986738656	0.000144986738656	0.000144986738656	0.000144986738656	0.000144986738656	-3.40282346639e+38	-3.40282346639e+38	
-3.40282346639e+38	0.000144986738656	0.000144986738656	0.000144986738656	0.000144986738656	0.000144986738656	0.000144986738656	0.000144986738656	0.000144986738656	-3.40282346639e+38	-3.40282346639e+38	
-3.40282346639e+38	0.000144986738656	0.000144986738656	0.000144986738656	0.000144986738656	0.000144986738656	0.000144986738656	0.000144986738656	0.000144986738656	-3.40282346639e+38	-3.40282346639e+38	
-3.40282346639e+38	0.000144986738656	0.000144986738656	0.000144986738656	0.000144986738656	0.000144986738656	0.000144986738656	0.000144986738656	0.000144986738656	-3.40282346639e+38	-3.40282346639e+38	
-3.40282346639e+38	0.000144986738656	0.000144986738656	0.000144986738656	0.000144986738656	0.000144986738656	0.000144986738656	0.000144986738656	0.000144986738656	-3.40282346639e+38	-3.40282346639e+38	
-3.40282346639e+38	0.000144986738657	0.000144986738657	0.000144986738657	0.000144986738657	0.000144986738657	0.000144986738657	0.000144986738657	0.000144986738657	-3.40282346639e+38	-3.40282346639e+38	
-3.40282346639e+38	0.000144986738657	0.000144986738657	0.000144986738657	0.000144986738657	0.000144986738657	0.000144986738657	0.000144986738657	0.000144986738657	-3.40282346639e+38	-3.40282346639e+38	
-3.40282346639e+38	0.000144986738657	0.000144986738657	0.000144986738657	0.000144986738657	0.000144986738657	0.000144986738657	0.000144986738657	0.000144986738657	-3.40282346639e+38	-3.40282346639e+38	
-3.40282346639e+38	0.000144986738657	0.000144986738657	0.000144986738657	0.000144986738657	0.000144986738657	0.000144986738657	0.000144986738657	0.000144986738657	-3.40282346639e+38	-3.40282346639e+38	
-3.40282346639e+38	0.000144986738657	0.000144986738657	0.000144986738657	0.000144986738657	0.000144986738657	0.000144986738657	0.000144986738657	0.000144986738657	-3.40282346639e+38	-3.40282346639e+38	
-3.40282346639e+38	0.000144986738657	0.000144986738657	0.000144986738657	0.000144986738657	0.000144986738657	0.000144986738657	0.000144986738657	0.000144986738657	-3.40282346639e+38	-3.40282346639e+38	
-3.40282346639e+38	0.000144986738657	0.000144986738657	0.000144986738657	0.000144986738657	0.000144986738657	0.000144986738657	0.000144986738657	0.000144986738657	-3.40282346639e+38	-3.40282346639e+38	
-3.40282346639e+38	0.000144986738657	0.000144986738657	0.000144986738657	0.000144986738657	0.000144986738657	0.000144986738657	0.000144986738657	0.000144986738657	-3.40282346639e+38	-3.40282346639e+38	
-3.40282346639e+38	0.000144986738657	0.000144986738657	0.000144986738657	0.000144986738657	0.000144986738657	0.000144986738657	0.000144986738657	0.000144986738657	-3.40282346639e+38	-3.40282346639e+38	
-3.40282346639e+38	0.000144986738657	0.000144986738657	0.000144986738657	0.000144986738657	0.000144986738657	0.000144986738657	0.000144986738657	0.000144986738657	-3.40282346639e+38	-3.40282346639e+38	
-3.40282346639e+38	0.000144986738657	0.000144986738657	0.000144986738657	0.000144986738657	0.000144986738657	0.000144986738657	0.000144986738657	0.000144986738657	-3.40282346639e+38	-3.40282346639e+38	
-3.40282346639e+38	0.000144986738657	0.000144986738657	0.000144986738657	0.000144986738657	0.000144986738657	0.000144986738657	0.000144986738657	0.000144986738657	-3.40282346639e+38	-3.40282346639e+38	
-3.40282346639e+38	-3.40282346639e+38	-3.40282346639e+38	-3.40282346639e+38	-3.40282346639e+38	-3.40282346639e+38	-3.40282346639e+38	-3.40282346639e+38	-3.40282346639e+38	-3.40282346639e+38	-3.40282346639e+38	
