out/0000000036h.asc
ncols 11
nrows 101
xllcorner -0.5
yllcorner -0.5
cellsize 1.0
nodata_value -3.40282346639e+38
-3.40282346639e+38	-3.40282346639e+38	-3.40282346639e+38	-3.40282346639e+38	-3.40282346639e+38	-3.40282346639e+38	-3.40282346639e+38	-3.40282346639e+38	-3.40282346639e+38	-3.40282346639e+38	-3.40282346639e+38	
-3.40282346639e+38	-3.40282346639e+38	-3.40282346639e+38	-3.40282346639e+38	-3.40282346639e+38	-3.40282346639e+38	-3.40282346639e+38	-3.40282346639e+38	-3.40282346639e+38	-3.40282346639e+38	-3.40282346639e+38	
-3.40282346639e+38	0.000366368054712	0.000366368054712	0.000366368054712	0.000366368054712	0.000366368054712	0.000366368054712	0.000366368054712	0.000366368054712	-3.40282346639e+38	-3.40282346639e+38	
-3.40282346639e+38	0.000373608380687	0.000373608380687	0.000373608380687	0.000373608380687	0.000373608380687	0.000373608380687	0.000373608380687	0.000373608380687	-3.40282346639e+38	-3.40282346639e+38	
-3.40282346639e+38	0.000374738966046	0.000374738966046	0.000374738966046	0.000374738966046	0.000374738966046	0.000374738966046	0.000374738966046	0.000374738966046	-3.40282346639e+38	-3.40282346639e+38	
-3.40282346639e+38	0.000374883945858	0.000374883945858	0.000374883945858	0.000374883945858	0.000374883945858	0.000374883945858	0.000374883945858	0.000374883945858	-3.40282346639e+38	-3.40282346639e+38	
-3.40282346639e+38	0.0003748997842	0.0003748997842	0.0003748997842	0.0003748997842	0.0003748997842	0.0003748997842	0.0003748997842	0.0003748997842	-3.40282346639e+38	-3.40282346639e+38	
-3.40282346639e+38	0.000374901311938	0.000374901311938	0.000374901311938	0.000374901311938	0.000374901311938	0.000374901311938	0.000374901311938	0.000374901311938	-3.40282346639e+38	-3.40282346639e+38	
-3.40282346639e+38	0.000374901454807	0.000374901454807	0.000374901454807	0.000374901454807	0.000374901454807	0.000374901454807	0.000374901454807	0.000374901454807	-3.40282346639e+38	-3.40282346639e+38	
-3.40282346639e+38	0.000374901476532	0.000374901476532	0.000374901476532	0.000374901476532	0.000374901476532	0.000374901476532	0.000374901476532	0.000374901476532	-3.40282346639e+38	-3.40282346639e+38	
-3.40282346639e+38	0.000374901487241	0.000374901487241	0.000374901487241	0.000374901487241	0.000374901487241	0.000374901487241	0.000374901487241	0.000374901487241	-3.40282346639e+38	-3.40282346639e+38	
-3.40282346639e+38	0.000374901495823	0.000374901495823	0.000374901495823	0.000374901495823	0.000374901495823	0.000374901495823	0.000374901495823	0.000374901495823	-3.40282346639e+38	-3.40282346639e+38	
-3.40282346639e+38	0.00037490150311	0.00037490150311	0.00037490150311	0.00037490150311	0.00037490150311	0.00037490150311	0.00037490150311	0.00037490150311	-3.40282346639e+38	-3.40282346639e+38	
-3.40282346639e+38	0.000374901509326	0.000374901509326	0.000374901509326	0.000374901509326	0.000374901509326	0.000374901509326	0.000374901509326	0.000374901509326	-3.40282346639e+38	-3.40282346639e+38	
-3.40282346639e+38	0.000374901514629	0.000374901514629	0.000374901514629	0.000374901514629	0.000374901514629	0.000374901514629	0.000374901514629	0.000374901514629	-3.40282346639e+38	-3.40282346639e+38	
-3.40282346639e+38	0.000374901519151	0.000374901519151	0.000374901519151	0.000374901519151	0.000374901519151	0.000374901519151	0.000374901519151	0.000374901519151	-3.40282346639e+38	-3.40282346639e+38	
-3.40282346639e+38	0.000374901523007	0.000374901523007	0.000374901523007	0.000374901523007	0.000374901523007	0.000374901523007	0.000374901523007	0.000374901523007	-3.40282346639e+38	-3.40282346639e+38	
-3.40282346639e+38	0.000374901526296	0.000374901526296	0.000374901526296	0.000374901526296	0.000374901526296	0.000374901526296	0.000374901526296	0.000374901526296	-3.40282346639e+38	-3.40282346639e+38	
-3.40282346639e+38	0.0003749015291	0.0003749015291	0.0003749015291	0.0003749015291	0.0003749015291	0.0003749015291	0.0003749015291	0.0003749015291	-3.40282346639e+38	-3.40282346639e+38	
-3.40282346639e+38	0.000374901531491	0.000374901531491	0.000374901531491	0.000374901531491	0.000374901531491	0.000374901531491	0.000374901531491	0.000374901531491	-3.40282346639e+38	-3.40282346639e+38	
-3.40282346639e+38	0.000374901533531	0.000374901533531	0.000374901533531	0.000374901533531	0.000374901533531	0.000374901533531	0.000374901533531	0.000374901533531	-3.40282346639e+38	-3.40282346639e+38	
-3.40282346639e+38	0.000374901535271	0.000374901535271	0.000374901535271	0.000374901535271	0.000374901535271	0.000374901535271	0.000374901535271	0.000374901535271	-3.40282346639e+38	-3.40282346639e+38	
-3.40282346639e+38	0.000374901536755	0.000374901536755	0.000374901536755	0.000374901536755	0.000374901536755	0.000374901536755	0.000374901536755	0.000374901536755	-3.40282346639e+38	-3.40282346639e+38	
-3.40282346639e+38	0.000374901538022	0.000374901538022	0.000374901538022	0.000374901538022	0.000374901538022	0.000374901538022	0.000374901538022	0.000374901538022	-3.40282346639e+38	-3.40282346639e+38	
-3.40282346639e+38	0.000374901539104	0.000374901539104	0.000374901539104	0.000374901539104	0.000374901539104	0.000374901539104	0.000374901539104	0.000374901539104	-3.40282346639e+38	-3.40282346639e+38	
-3.40282346639e+38	0.000374901540027	0.000374901540027	0.000374901540027	0.000374901540027	0.000374901540027	0.000374901540027	0.000374901540027	0.000374901540027	-3.40282346639e+38	-3.40282346639e+38	
-3.40282346639e+38	0.000374901540816	0.000374901540816	0.000374901540816	0.000374901540816	0.000374901540816	0.000374901540816	0.000374901540816	0.000374901540816	-3.40282346639e+38	-3.40282346639e+38	
-3.40282346639e+38	0.00037490154149	0.00037490154149	0.00037490154149	0.00037490154149	0.00037490154149	0.00037490154149	0.00037490154149	0.00037490154149	-3.40282346639e+38	-3.40282346639e+38	
-3.40282346639e+38	0.000374901542066	0.000374901542066	0.000374901542066	0.000374901542066	0.000374901542066	0.000374901542066	0.000374901542066	0.000374901542066	-3.40282346639e+38	-3.40282346639e+38	
-3.40282346639e+38	0.000374901542559	0.000374901542559	0.000374901542559	0.000374901542559	0.000374901542559	0.000374901542559	0.000374901542559	0.000374901542559	-3.40282346639e+38	-3.40282346639e+38	
-3.40282346639e+38	0.000374901542981	0.000374901542981	0.000374901542981	0.000374901542981	0.000374901542981	0.000374901542981	0.000374901542981	0.000374901542981	-3.40282346639e+38	-3.40282346639e+38	
-3.40282346639e+38	0.000374901543341	0.000374901543341	0.000374901543341	0.000374901543341	0.000374901543341	0.000374901543341	0.000374901543341	0.000374901543341	-3.40282346639e+38	-3.40282346639e+38	
-3.40282346639e+38	0.00037490154365	0.00037490154365	0.00037490154365	0.00037490154365	0.00037490154365	0.00037490154365	0.00037490154365	0.00037490154365	-3.40282346639e+38	-3.40282346639e+38	
-3.40282346639e+38	0.000374901543915	0.000374901543915	0.000374901543915	0.000374901543915	0.000374901543915	0.000374901543915	0.000374901543915	0.000374901543915	-3.40282346639e+38	-3.40282346639e+38	
-3.40282346639e+38	0.000374901544141	0.000374901544141	0.000374901544141	0.000374901544141	0.000374901544141	0.000374901544141	0.000374901544141	0.000374901544141	-3.40282346639e+38	-3.40282346639e+38	
-3.40282346639e+38	0.000374901544335	0.000374901544335	0.000374901544335	0.000374901544335	0.000374901544335	0.000374901544335	0.000374901544335	0.000374901544335	-3.40282346639e+38	-3.40282346639e+38	
-3.40282346639e+38	0.000374901544502	0.000374901544502	0.000374901544502	0.000374901544502	0.000374901544502	0.000374901544502	0.000374901544502	0.000374901544502	-3.40282346639e+38	-3.40282346639e+38	
-3.40282346639e+38	0.000374901544645	0.000374901544645	0.000374901544645	0.000374901544645	0.000374901544645	0.000374901544645	0.000374901544645	0.000374901544645	-3.40282346639e+38	-3.40282346639e+38	
-3.40282346639e+38	0.000374901544768	0.000374901544768	0.000374901544768	0.000374901544768	0.000374901544768	0.000374901544768	0.000374901544768	0.000374901544768	-3.40282346639e+38	-3.40282346639e+38	
-3.40282346639e+38	0.000374901544873	0.000374901544873	0.000374901544873	0.000374901544873	0.000374901544873	0.000374901544873	0.000374901544873	0.000374901544873	-3.40282346639e+38	-3.40282346639e+38	
-3.40282346639e+38	0.000374901544963	0.000374901544963	0.000374901544963	0.000374901544963	0.000374901544963	0.000374901544963	0.000374901544963	0.000374901544963	-3.40282346639e+38	-3.40282346639e+38	
-3.40282346639e+38	0.000374901545041	0.000374901545041	0.000374901545041	0.000374901545041	0.000374901545041	0.000374901545041	0.000374901545041	0.000374901545041	-3.40282346639e+38	-3.40282346639e+38	
-3.40282346639e+38	0.000374901545108	0.000374901545108	0.000374901545108	0.000374901545108	0.000374901545108	0.000374901545108	0.000374901545108	0.000374901545108	-3.40282346639e+38	-3.40282346639e+38	
-3.40282346639e+38	0.000374901545166	0.000374901545166	0.000374901545166	0.000374901545166	0.000374901545166	0.000374901545166	0.000374901545166	0.000374901545166	-3.40282346639e+38	-3.40282346639e+38	
-3.40282346639e+38	0.000374901545215	0.000374901545215	0.000374901545215	0.000374901545215	0.000374901545215	0.000374901545215	0.000374901545215	0.000374901545215	-3.40282346639e+38	-3.40282346639e+38	
-3.40282346639e+38	0.000374901545258	0.000374901545258	0.000374901545258	0.000374901545258	0.000374901545258	0.000374901545258	0.000374901545258	0.000374901545258	-3.40282346639e+38	-3.40282346639e+38	
-3.40282346639e+38	0.000374901545295	0.000374901545295	0.000374901545295	0.000374901545295	0.000374901545295	0.000374901545295	0.000374901545295	0.000374901545295	-3.40282346639e+38	-3.40282346639e+38	
-3.40282346639e+38	0.000374901545327	0.000374901545327	0.000374901545327	0.000374901545327	0.000374901545327	0.000374901545327	0.000374901545327	0.000374901545327	-3.40282346639e+38	-3.40282346639e+38	
-3.40282346639e+38	0.000374901545354	0.000374901545354	0.000374901545354	0.000374901545354	0.000374901545354	0.000374901545354	0.000374901545354	0.000374901545354	-3.40282346639e+38	-3.40282346639e+38	
-3.40282346639e+38	0.000374901545378	0.000374901545378	0.000374901545378	0.000374901545378	0.000374901545378	0.000374901545378	0.000374901545378	0.000374901545378	-3.40282346639e+38	-3.40282346639e+38	
-3.40282346639e+38	0.000374901545398	0.000374901545398	0.000374901545398	0.000374901545398	0.000374901545398	0.000374901545398	0.000374901545398	0.000374901545398	-3.40282346639e+38	-3.40282346639e+38	
-3.40282346639e+38	0.000374901545416	0.000374901545416	0.000374901545416	0.000374901545416	0.000374901545416	0.000374901545416	0.000374901545416	0.000374901545416	-3.40282346639e+38	-3.40282346639e+38	
-3.40282346639e+38	0.000374901545431	0.000374901545431	0.000374901545431	0.000374901545431	0.000374901545431	0.000374901545431	0.000374901545431	0.000374901545431	-3.40282346639e+38	-3.40282346639e+38	
-3.40282346639e+38	0.000374901545444	0.000374901545444	0.000374901545444	0.000374901545444	0.000374901545444	0.000374901545444	0.000374901545444	0.000374901545444	-3.40282346639e+38	-3.40282346639e+38	
-3.40282346639e+38	0.000374901545456	0.000374901545456	0.000374901545456	0.000374901545456	0.000374901545456	0.000374901545456	0.000374901545456	0.000374901545456	-3.40282346639e+38	-3.40282346639e+38	
-3.40282346639e+38	0.000374901545465	0.000374901545465	0.000374901545465	0.000374901545465	0.000374901545465	0.000374901545465	0.000374901545465	0.000374901545465	-3.40282346639e+38	-3.40282346639e+38	
-3.40282346639e+38	0.000374901545474	0.000374901545474	0.000374901545474	0.000374901545474	0.000374901545474	0.000374901545474	0.000374901545474	0.000374901545474	-3.40282346639e+38	-3.40282346639e+38	
-3.40282346639e+38	0.000374901545481	0.000374901545481	0.000374901545481	0.000374901545481	0.000374901545481	0.000374901545481	0.000374901545481	0.000374901545481	-3.40282346639e+38	-3.40282346639e+38	
-3.40282346639e+38	0.000374901545488	0.000374901545488	0.000374901545488	0.000374901545488	0.000374901545488	0.000374901545488	0.000374901545488	0.000374901545488	-3.40282346639e+38	-3.40282346639e+38	
-3.40282346639e+38	0.000374901545493	0.000374901545493	0.000374901545493	0.000374901545493	0.000374901545493	0.000374901545493	0.000374901545493	0.000374901545493	-3.40282346639e+38	-3.40282346639e+38	
-3.40282346639e+38	0.000374901545498	0.000374901545498	0.000374901545498	0.000374901545498	0.000374901545498	0.000374901545498	0.000374901545498	0.000374901545498	-3.40282346639e+38	-3.40282346639e+38	
-3.40282346639e+38	0.000374901545503	0.000374901545503	0.000374901545503	0.000374901545503	0.000374901545503	0.000374901545503	0.000374901545503	0.000374901545503	-3.40282346639e+38	-3.40282346639e+38	
-3.40282346639e+38	0.000374901545506	0.000374901545506	0.000374901545506	0.000374901545506	0.000374901545506	0.000374901545506	0.000374901545506	0.000374901545506	-3.40282346639e+38	-3.40282346639e+38	
-3.40282346639e+38	0.000374901545509	0.000374901545509	0.000374901545509	0.000374901545509	0.000374901545509	0.000374901545509	0.000374901545509	0.000374901545509	-3.40282346639e+38	-3.40282346639e+38	
-3.40282346639e+38	0.000374901545512	0.000374901545512	0.000374901545512	0.000374901545512	0.000374901545512	0.000374901545512	0.000374901545512	0.000374901545512	-3.40282346639e+38	-3.40282346639e+38	
-3.40282346639e+38	0.000374901545515	0.000374901545515	0.000374901545515	0.000374901545515	0.000374901545515	0.000374901545515	0.000374901545515	0.000374901545515	-3.40282346639e+38	-3.40282346639e+38	
-3.40282346639e+38	0.000374901545517	0.000374901545517	0.000374901545517	0.000374901545517	0.000374901545517	0.000374901545517	0.000374901545517	0.000374901545517	-3.40282346639e+38	-3.40282346639e+38	
-3.40282346639e+38	0.000374901545519	0.000374901545519	0.000374901545519	0.000374901545519	0.000374901545519	0.000374901545519	0.000374901545519	0.000374901545519	-3.40282346639e+38	-3.40282346639e+38	
-3.40282346639e+38	0.00037490154552	0.00037490154552	0.00037490154552	0.00037490154552	0.00037490154552	0.00037490154552	0.00037490154552	0.00037490154552	-3.40282346639e+38	-3.40282346639e+38	
-3.40282346639e+38	0.000374901545522	0.000374901545522	0.000374901545522	0.000374901545522	0.000374901545522	0.000374901545522	0.000374901545522	0.000374901545522	-3.40282346639e+38	-3.40282346639e+38	
-3.40282346639e+38	0.000374901545523	0.000374901545523	0.000374901545523	0.000374901545523	0.000374901545523	0.000374901545523	0.000374901545523	0.000374901545523	-3.40282346639e+38	-3.40282346639e+38	
-3.40282346639e+38	0.000374901545524	0.000374901545524	0.000374901545524	0.000374901545524	0.000374901545524	0.000374901545524	0.000374901545524	0.000374901545524	-3.40282346639e+38	-3.40282346639e+38	
-3.40282346639e+38	0.000374901545525	0.000374901545525	0.000374901545525	0.000374901545525	0.000374901545525	0.000374901545525	0.000374901545525	0.000374901545525	-3.40282346639e+38	-3.40282346639e+38	
-3.40282346639e+38	0.000374901545526	0.000374901545526	0.000374901545526	0.000374901545526	0.000374901545526	0.000374901545526	0.000374901545526	0.000374901545526	-3.40282346639e+38	-3.40282346639e+38	
-3.40282346639e+38	0.000374901545526	0.000374901545526	0.000374901545526	0.000374901545526	0.000374901545526	0.000374901545526	0.000374901545526	0.000374901545526	-3.40282346639e+38	-3.40282346639e+38	
-3.40282346639e+38	0.000374901545527	0.000374901545527	0.000374901545527	0.000374901545527	0.000374901545527	0.000374901545527	0.000374901545527	0.000374901545527	-3.40282346639e+38	-3.40282346639e+38	
-3.40282346639e+38	0.000374901545528	0.000374901545528	0.000374901545528	0.000374901545528	0.000374901545528	0.000374901545528	0.000374901545528	0.000374901545528	-3.40282346639e+38	-3.40282346639e+38	
-3.40282346639e+38	0.000374901545528	0.000374901545528	0.000374901545528	0.000374901545528	0.000374901545528	0.000374901545528	0.000374901545528	0.000374901545528	-3.40282346639e+38	-3.40282346639e+38	
-3.40282346639e+38	0.000374901545528	0.000374901545528	0.000374901545528	0.000374901545528	0.000374901545528	0.000374901545528	0.000374901545528	0.000374901545528	-3.40282346639e+38	-3.40282346639e+38	
-3.40282346639e+38	0.000374901545529	0.000374901545529	0.000374901545529	0.000374901545529	0.000374901545529	0.000374901545529	0.000374901545529	0.000374901545529	-3.40282346639e+38	-3.40282346639e+38	
-3.40282346639e+38	0.000374901545529	0.000374901545529	0.000374901545529	0.000374901545529	0.000374901545529	0.000374901545529	0.000374901545529	0.000374901545529	-3.40282346639e+38	-3.40282346639e+38	
-3.40282346639e+38	0.000374901545529	0.000374901545529	0.000374901545529	0.000374901545529	0.000374901545529	0.000374901545529	0.000374901545529	0.000374901545529	-3.40282346639e+38	-3.40282346639e+38	
-3.40282346639e+38	0.00037490154553	0.00037490154553	0.00037490154553	0.00037490154553	0.00037490154553	0.00037490154553	0.00037490154553	0.00037490154553	-3.40282346639e+38	-3.40282346639e+38	
-3.40282346639e+38	0.00037490154553	0.00037490154553	0.00037490154553	0.00037490154553	0.00037490154553	0.00037490154553	0.00037490154553	0.00037490154553	-3.40282346639e+38	-3.40282346639e+38	
-3.40282346639e+38	0.00037490154553	0.00037490154553	0.00037490154553	0.00037490154553	0.00037490154553	0.00037490154553	0.00037490154553	0.00037490154553	-3.40282346639e+38	-3.40282346639e+38	
-3.40282346639e+38	0.00037490154553	0.00037490154553	0.00037490154553	0.00037490154553	0.00037490154553	0.00037490154553	0.00037490154553	0.00037490154553	-3.40282346639e+38	-3.40282346639e+38	
-3.40282346639e+38	0.000374901545531	0.000374901545531	0.000374901545531	0.000374901545531	0.000374901545531	0.000374901545531	0.000374901545531	0.000374901545531	-3.40282346639e+38	-3.40282346639e+38	
-3.40282346639e+38	0.000374901545531	0.000374901545531	0.000374901545531	0.000374901545531	0.000374901545531	0.000374901545531	0.000374901545531	0.000374901545531	-3.40282346639e+38	-3.40282346639e+38	
-3.40282346639e+38	0.000374901545531	0.000374901545531	0.000374901545531	0.000374901545531	0.000374901545531	0.000374901545531	0.000374901545531	0.000374901545531	-3.40282346639e+38	-3.40282346639e+38	
-3.40282346639e+38	0.000374901545531	0.000374901545531	0.000374901545531	0.000374901545531	0.000374901545531	0.000374901545531	0.000374901545531	0.000374901545531	-3.40282346639e+38	-3.40282346639e+38	
-3.40282346639e+38	0.000374901545531	0.000374901545531	0.000374901545531	0.000374901545531	0.000374901545531	0.000374901545531	0.000374901545531	0.000374901545531	-3.40282346639e+38	-3.40282346639e+38	
-3.40282346639e+38	0.000374901545531	0.000374901545531	0.000374901545531	0.000374901545531	0.000374901545531	0.000374901545531	0.000374901545531	0.000374901545531	-3.40282346639e+38	-3.40282346639e+38	
-3.40282346639e+38	0.000374901545531	0.000374901545531	0.000374901545531	0.000374901545531	0.000374901545531	0.000374901545531	0.000374901545531	0.000374901545531	-3.40282346639e+38	-3.40282346639e+38	
-3.40282346639e+38	0.000374901545531	0.000374901545531	0.000374901545531	0.000374901545531	0.000374901545531	0.000374901545531	0.000374901545531	0.000374901545531	-3.40282346639e+38	-3.40282346639e+38	
-3.40282346639e+38	0.000374901545531	0.000374901545531	0.000374901545531	0.000374901545531	0.000374901545531	0.000374901545531	0.000374901545531	0.000374901545531	-3.40282346639e+38	-3.40282346639e+38	
-3.40282346639e+38	0.000374901545531	0.000374901545531	0.000374901545531	0.000374901545531	0.000374901545531	0.000374901545531	0.000374901545531	0.000374901545531	-3.40282346639e+38	-3.40282346639e+38	
-3.40282346639e+38	0.000374901545531	0.000374901545531	0.000374901545531	0.000374901545531	0.000374901545531	0.000374901545531	0.000374901545531	0.000374901545531	-3.40282346639e+38	-3.40282346639e+38	
-3.40282346639e+38	0.000374901545531	0.000374901545531	0.000374901545531	0.000374901545531	0.000374901545531	0.000374901545531	0.000374901545531	0.000374901545531	-3.40282346639e+38	-3.40282346639e+38	
-3.40282346639e+38	0.000374901545531	0.000374901545531	0.000374901545531	0.000374901545531	0.000374901545531	0.000374901545531	0.000374901545531	0.000374901545531	-3.40282346639e+38	-3.40282346639e+38	
-3.40282346639e+38	0.000374901545531	0.000374901545531	0.000374901545531	0.000374901545531	0.000374901545531	0.000374901545531	0.000374901545531	0.000374901545531	-3.40282346639e+38	-3.40282346639e+38	
-3.40282346639e+38	-3.40282346639e+38	-3.40282346639e+38	-3.40282346639e+38	-3.40282346639e+38	-3.40282346639e+38	-3.40282346639e+38	-3.40282346639e+38	-3.40282346639e+38	-3.40282346639e+38	-3.40282346639e+38	
