out/0000000042h.asc
ncols 11
nrows 101
xllcorner -0.5
yllcorner -0.5
cellsize 1.0
nodata_value -3.40282346639e+38
-3.40282346639e+38	-3.40282346639e+38	-3.40282346639e+38	-3.40282346639e+38	-3.40282346639e+38	-3.40282346639e+38	-3.40282346639e+38	-3.40282346639e+38	-3.40282346639e+38	-3.40282346639e+38	-3.40282346639e+38	
-3.40282346639e+38	-3.40282346639e+38	-3.40282346639e+38	-3.40282346639e+38	-3.40282346639e+38	-3.40282346639e+38	-3.40282346639e+38	-3.40282346639e+38	-3.40282346639e+38	-3.40282346639e+38	-3.40282346639e+38	
-3.40282346639e+38	0.000426605745954	0.000426605745954	0.000426605745954	0.000426605745954	0.000426605745954	0.000426605745954	0.000426605745954	0.000426605745954	-3.40282346639e+38	-3.40282346639e+38	
-3.40282346639e+38	0.000439441288616	0.000439441288616	0.000439441288616	0.000439441288616	0.000439441288616	0.000439441288616	0.000439441288616	0.000439441288616	-3.40282346639e+38	-3.40282346639e+38	
-3.40282346639e+38	0.000442012724489	0.000442012724489	0.000442012724489	0.000442012724489	0.000442012724489	0.000442012724489	0.000442012724489	0.000442012724489	-3.40282346639e+38	-3.40282346639e+38	
-3.40282346639e+38	0.000442437764294	0.000442437764294	0.000442437764294	0.000442437764294	0.000442437764294	0.000442437764294	0.000442437764294	0.000442437764294	-3.40282346639e+38	-3.40282346639e+38	
-3.40282346639e+38	0.000442497589223	0.000442497589223	0.000442497589223	0.000442497589223	0.000442497589223	0.000442497589223	0.000442497589223	0.000442497589223	-3.40282346639e+38	-3.40282346639e+38	
-3.40282346639e+38	0.000442504967879	0.000442504967879	0.000442504967879	0.000442504967879	0.000442504967879	0.000442504967879	0.000442504967879	0.000442504967879	-3.40282346639e+38	-3.40282346639e+38	
-3.40282346639e+38	0.000442505791638	0.000442505791638	0.000442505791638	0.000442505791638	0.000442505791638	0.000442505791638	0.000442505791638	0.000442505791638	-3.40282346639e+38	-3.40282346639e+38	
-3.40282346639e+38	0.000442505884518	0.000442505884518	0.000442505884518	0.000442505884518	0.000442505884518	0.000442505884518	0.000442505884518	0.000442505884518	-3.40282346639e+38	-3.40282346639e+38	
-3.40282346639e+38	0.000442505902229	0.000442505902229	0.000442505902229	0.000442505902229	0.000442505902229	0.000442505902229	0.000442505902229	0.000442505902229	-3.40282346639e+38	-3.40282346639e+38	
-3.40282346639e+38	0.000442505911652	0.000442505911652	0.000442505911652	0.000442505911652	0.000442505911652	0.000442505911652	0.000442505911652	0.000442505911652	-3.40282346639e+38	-3.40282346639e+38	
-3.40282346639e+38	0.000442505919207	0.000442505919207	0.000442505919207	0.000442505919207	0.000442505919207	0.000442505919207	0.000442505919207	0.000442505919207	-3.40282346639e+38	-3.40282346639e+38	
-3.40282346639e+38	0.000442505925616	0.000442505925616	0.000442505925616	0.000442505925616	0.000442505925616	0.000442505925616	0.000442505925616	0.000442505925616	-3.40282346639e+38	-3.40282346639e+38	
-3.40282346639e+38	0.000442505931081	0.000442505931081	0.000442505931081	0.000442505931081	0.000442505931081	0.000442505931081	0.000442505931081	0.000442505931081	-3.40282346639e+38	-3.40282346639e+38	
-3.40282346639e+38	0.000442505935742	0.000442505935742	0.000442505935742	0.000442505935742	0.000442505935742	0.000442505935742	0.000442505935742	0.000442505935742	-3.40282346639e+38	-3.40282346639e+38	
-3.40282346639e+38	0.000442505939717	0.000442505939717	0.000442505939717	0.000442505939717	0.000442505939717	0.000442505939717	0.000442505939717	0.000442505939717	-3.40282346639e+38	-3.40282346639e+38	
-3.40282346639e+38	0.000442505943107	0.000442505943107	0.000442505943107	0.000442505943107	0.000442505943107	0.000442505943107	0.000442505943107	0.000442505943107	-3.40282346639e+38	-3.40282346639e+38	
-3.40282346639e+38	0.000442505945998	0.000442505945998	0.000442505945998	0.000442505945998	0.000442505945998	0.000442505945998	0.000442505945998	0.000442505945998	-3.40282346639e+38	-3.40282346639e+38	
-3.40282346639e+38	0.000442505948464	0.000442505948464	0.000442505948464	0.000442505948464	0.000442505948464	0.000442505948464	0.000442505948464	0.000442505948464	-3.40282346639e+38	-3.40282346639e+38	
-3.40282346639e+38	0.000442505950567	0.000442505950567	0.000442505950567	0.000442505950567	0.000442505950567	0.000442505950567	0.000442505950567	0.000442505950567	-3.40282346639e+38	-3.40282346639e+38	
-3.40282346639e+38	0.000442505952361	0.000442505952361	0.000442505952361	0.000442505952361	0.000442505952361	0.000442505952361	0.000442505952361	0.000442505952361	-3.40282346639e+38	-3.40282346639e+38	
-3.40282346639e+38	0.000442505953892	0.000442505953892	0.000442505953892	0.000442505953892	0.000442505953892	0.000442505953892	0.000442505953892	0.000442505953892	-3.40282346639e+38	-3.40282346639e+38	
-3.40282346639e+38	0.000442505955199	0.000442505955199	0.000442505955199	0.000442505955199	0.000442505955199	0.000442505955199	0.000442505955199	0.000442505955199	-3.40282346639e+38	-3.40282346639e+38	
-3.40282346639e+38	0.000442505956314	0.000442505956314	0.000442505956314	0.000442505956314	0.000442505956314	0.000442505956314	0.000442505956314	0.000442505956314	-3.40282346639e+38	-3.40282346639e+38	
-3.40282346639e+38	0.000442505957266	0.000442505957266	0.000442505957266	0.000442505957266	0.000442505957266	0.000442505957266	0.000442505957266	0.000442505957266	-3.40282346639e+38	-3.40282346639e+38	
-3.40282346639e+38	0.00044250595808	0.00044250595808	0.00044250595808	0.00044250595808	0.00044250595808	0.00044250595808	0.00044250595808	0.00044250595808	-3.40282346639e+38	-3.40282346639e+38	
-3.40282346639e+38	0.000442505958775	0.000442505958775	0.000442505958775	0.000442505958775	0.000442505958775	0.000442505958775	0.000442505958775	0.000442505958775	-3.40282346639e+38	-3.40282346639e+38	
-3.40282346639e+38	0.00044250595937	0.00044250595937	0.00044250595937	0.00044250595937	0.00044250595937	0.00044250595937	0.00044250595937	0.00044250595937	-3.40282346639e+38	-3.40282346639e+38	
-3.40282346639e+38	0.000442505959878	0.000442505959878	0.000442505959878	0.000442505959878	0.000442505959878	0.000442505959878	0.000442505959878	0.000442505959878	-3.40282346639e+38	-3.40282346639e+38	
-3.40282346639e+38	0.000442505960312	0.000442505960312	0.000442505960312	0.000442505960312	0.000442505960312	0.000442505960312	0.000442505960312	0.000442505960312	-3.40282346639e+38	-3.40282346639e+38	
-3.40282346639e+38	0.000442505960685	0.000442505960685	0.000442505960685	0.000442505960685	0.000442505960685	0.000442505960685	0.000442505960685	0.000442505960685	-3.40282346639e+38	-3.40282346639e+38	
-3.40282346639e+38	0.000442505961003	0.000442505961003	0.000442505961003	0.000442505961003	0.000442505961003	0.000442505961003	0.000442505961003	0.000442505961003	-3.40282346639e+38	-3.40282346639e+38	
-3.40282346639e+38	0.000442505961276	0.000442505961276	0.000442505961276	0.000442505961276	0.000442505961276	0.000442505961276	0.000442505961276	0.000442505961276	-3.40282346639e+38	-3.40282346639e+38	
-3.40282346639e+38	0.00044250596151	0.00044250596151	0.00044250596151	0.00044250596151	0.00044250596151	0.00044250596151	0.00044250596151	0.00044250596151	-3.40282346639e+38	-3.40282346639e+38	
-3.40282346639e+38	0.00044250596171	0.00044250596171	0.00044250596171	0.00044250596171	0.00044250596171	0.00044250596171	0.00044250596171	0.00044250596171	-3.40282346639e+38	-3.40282346639e+38	
-3.40282346639e+38	0.000442505961882	0.000442505961882	0.000442505961882	0.000442505961882	0.000442505961882	0.000442505961882	0.000442505961882	0.000442505961882	-3.40282346639e+38	-3.40282346639e+38	
-3.40282346639e+38	0.000442505962029	0.000442505962029	0.000442505962029	0.000442505962029	0.000442505962029	0.000442505962029	0.000442505962029	0.000442505962029	-3.40282346639e+38	-3.40282346639e+38	
-3.40282346639e+38	0.000442505962156	0.000442505962156	0.000442505962156	0.000442505962156	0.000442505962156	0.000442505962156	0.000442505962156	0.000442505962156	-3.40282346639e+38	-3.40282346639e+38	
-3.40282346639e+38	0.000442505962264	0.000442505962264	0.000442505962264	0.000442505962264	0.000442505962264	0.000442505962264	0.000442505962264	0.000442505962264	-3.40282346639e+38	-3.40282346639e+38	
-3.40282346639e+38	0.000442505962358	0.000442505962358	0.000442505962358	0.000442505962358	0.000442505962358	0.000442505962358	0.000442505962358	0.000442505962358	-3.40282346639e+38	-3.40282346639e+38	
-3.40282346639e+38	0.000442505962438	0.000442505962438	0.000442505962438	0.000442505962438	0.000442505962438	0.000442505962438	0.000442505962438	0.000442505962438	-3.40282346639e+38	-3.40282346639e+38	
-3.40282346639e+38	0.000442505962507	0.000442505962507	0.000442505962507	0.000442505962507	0.000442505962507	0.000442505962507	0.000442505962507	0.000442505962507	-3.40282346639e+38	-3.40282346639e+38	
-3.40282346639e+38	0.000442505962566	0.000442505962566	0.000442505962566	0.000442505962566	0.000442505962566	0.000442505962566	0.000442505962566	0.000442505962566	-3.40282346639e+38	-3.40282346639e+38	
-3.40282346639e+38	0.000442505962618	0.000442505962618	0.000442505962618	0.000442505962618	0.000442505962618	0.000442505962618	0.000442505962618	0.000442505962618	-3.40282346639e+38	-3.40282346639e+38	
-3.40282346639e+38	0.000442505962662	0.000442505962662	0.000442505962662	0.000442505962662	0.000442505962662	0.000442505962662	0.000442505962662	0.000442505962662	-3.40282346639e+38	-3.40282346639e+38	
-3.40282346639e+38	0.0004425059627	0.0004425059627	0.0004425059627	0.0004425059627	0.0004425059627	0.0004425059627	0.0004425059627	0.0004425059627	-3.40282346639e+38	-3.40282346639e+38	
-3.40282346639e+38	0.000442505962732	0.000442505962732	0.000442505962732	0.000442505962732	0.000442505962732	0.000442505962732	0.000442505962732	0.000442505962732	-3.40282346639e+38	-3.40282346639e+38	
-3.40282346639e+38	0.000442505962761	0.000442505962761	0.000442505962761	0.000442505962761	0.000442505962761	0.000442505962761	0.000442505962761	0.000442505962761	-3.40282346639e+38	-3.40282346639e+38	
-3.40282346639e+38	0.000442505962785	0.000442505962785	0.000442505962785	0.000442505962785	0.000442505962785	0.000442505962785	0.000442505962785	0.000442505962785	-3.40282346639e+38	-3.40282346639e+38	
-3.40282346639e+38	0.000442505962806	0.000442505962806	0.000442505962806	0.000442505962806	0.000442505962806	0.000442505962806	0.000442505962806	0.000442505962806	-3.40282346639e+38	-3.40282346639e+38	
-3.40282346639e+38	0.000442505962824	0.000442505962824	0.000442505962824	0.000442505962824	0.000442505962824	0.000442505962824	0.000442505962824	0.000442505962824	-3.40282346639e+38	-3.40282346639e+38	
-3.40282346639e+38	0.00044250596284	0.00044250596284	0.00044250596284	0.00044250596284	0.00044250596284	0.00044250596284	0.00044250596284	0.00044250596284	-3.40282346639e+38	-3.40282346639e+38	
-3.40282346639e+38	0.000442505962853	0.000442505962853	0.000442505962853	0.000442505962853	0.000442505962853	0.000442505962853	0.000442505962853	0.000442505962853	-3.40282346639e+38	-3.40282346639e+38	
-3.40282346639e+38	0.000442505962865	0.000442505962865	0.000442505962865	0.000442505962865	0.000442505962865	0.000442505962865	0.000442505962865	0.000442505962865	-3.40282346639e+38	-3.40282346639e+38	
-3.40282346639e+38	0.000442505962875	0.000442505962875	0.000442505962875	0.000442505962875	0.000442505962875	0.000442505962875	0.000442505962875	0.000442505962875	-3.40282346639e+38	-3.40282346639e+38	
-3.40282346639e+38	0.000442505962884	0.000442505962884	0.000442505962884	0.000442505962884	0.000442505962884	0.000442505962884	0.000442505962884	0.000442505962884	-3.40282346639e+38	-3.40282346639e+38	
-3.40282346639e+38	0.000442505962892	0.000442505962892	0.000442505962892	0.000442505962892	0.000442505962892	0.000442505962892	0.000442505962892	0.000442505962892	-3.40282346639e+38	-3.40282346639e+38	
-3.40282346639e+38	0.000442505962899	0.000442505962899	0.000442505962899	0.000442505962899	0.000442505962899	0.000442505962899	0.000442505962899	0.000442505962899	-3.40282346639e+38	-3.40282346639e+38	
-3.40282346639e+38	0.000442505962904	0.000442505962904	0.000442505962904	0.000442505962904	0.000442505962904	0.000442505962904	0.000442505962904	0.000442505962904	-3.40282346639e+38	-3.40282346639e+38	
-3.40282346639e+38	0.000442505962909	0.000442505962909	0.000442505962909	0.000442505962909	0.000442505962909	0.000442505962909	0.000442505962909	0.000442505962909	-3.40282346639e+38	-3.40282346639e+38	
-3.40282346639e+38	0.000442505962914	0.000442505962914	0.000442505962914	0.000442505962914	0.000442505962914	0.000442505962914	0.000442505962914	0.000442505962914	-3.40282346639e+38	-3.40282346639e+38	
-3.40282346639e+38	0.000442505962918	0.000442505962918	0.000442505962918	0.000442505962918	0.000442505962918	0.000442505962918	0.000442505962918	0.000442505962918	-3.40282346639e+38	-3.40282346639e+38	
-3.40282346639e+38	0.000442505962921	0.000442505962921	0.000442505962921	0.000442505962921	0.000442505962921	0.000442505962921	0.000442505962921	0.000442505962921	-3.40282346639e+38	-3.40282346639e+38	
-3.40282346639e+38	0.000442505962924	0.000442505962924	0.000442505962924	0.000442505962924	0.000442505962924	0.000442505962924	0.000442505962924	0.000442505962924	-3.40282346639e+38	-3.40282346639e+38	
-3.40282346639e+38	0.000442505962926	0.000442505962926	0.000442505962926	0.000442505962926	0.000442505962926	0.000442505962926	0.000442505962926	0.000442505962926	-3.40282346639e+38	-3.40282346639e+38	
-3.40282346639e+38	0.000442505962928	0.000442505962928	0.000442505962928	0.000442505962928	0.000442505962928	0.000442505962928	0.000442505962928	0.000442505962928	-3.40282346639e+38	-3.40282346639e+38	
-3.40282346639e+38	0.00044250596293	0.00044250596293	0.00044250596293	0.00044250596293	0.00044250596293	0.00044250596293	0.00044250596293	0.00044250596293	-3.40282346639e+38	-3.40282346639e+38	
-3.40282346639e+38	0.000442505962932	0.000442505962932	0.000442505962932	0.000442505962932	0.000442505962932	0.000442505962932	0.000442505962932	0.000442505962932	-3.40282346639e+38	-3.40282346639e+38	
-3.40282346639e+38	0.000442505962933	0.000442505962933	0.000442505962933	0.000442505962933	0.000442505962933	0.000442505962933	0.000442505962933	0.000442505962933	-3.40282346639e+38	-3.40282346639e+38	
-3.40282346639e+38	0.000442505962935	0.000442505962935	0.000442505962935	0.000442505962935	0.000442505962935	0.000442505962935	0.000442505962935	0.000442505962935	-3.40282346639e+38	-3.40282346639e+38	
-3.40282346639e+38	0.000442505962936	0.000442505962936	0.000442505962936	0.000442505962936	0.000442505962936	0.000442505962936	0.000442505962936	0.000442505962936	-3.40282346639e+38	-3.40282346639e+38	
-3.40282346639e+38	0.000442505962937	0.000442505962937	0.000442505962937	0.000442505962937	0.000442505962937	0.000442505962937	0.000442505962937	0.000442505962937	-3.40282346639e+38	-3.40282346639e+38	
-3.40282346639e+38	0.000442505962938	0.000442505962938	0.000442505962938	0.000442505962938	0.000442505962938	0.000442505962938	0.000442505962938	0.000442505962938	-3.40282346639e+38	-3.40282346639e+38	
-3.40282346639e+38	0.000442505962938	0.000442505962938	0.000442505962938	0.000442505962938	0.000442505962938	0.000442505962938	0.000442505962938	0.000442505962938	-3.40282346639e+38	-3.40282346639e+38	
-3.40282346639e+38	0.000442505962939	0.000442505962939	0.000442505962939	0.000442505962939	0.000442505962939	0.000442505962939	0.000442505962939	0.000442505962939	-3.40282346639e+38	-3.40282346639e+38	
-3.40282346639e+38	0.00044250596294	0.00044250596294	0.00044250596294	0.00044250596294	0.00044250596294	0.00044250596294	0.00044250596294	0.00044250596294	-3.40282346639e+38	-3.40282346639e+38	
-3.40282346639e+38	0.00044250596294	0.00044250596294	0.00044250596294	0.00044250596294	0.00044250596294	0.00044250596294	0.00044250596294	0.00044250596294	-3.40282346639e+38	-3.40282346639e+38	
-3.40282346639e+38	0.000442505962941	0.000442505962941	0.000442505962941	0.000442505962941	0.000442505962941	0.000442505962941	0.000442505962941	0.000442505962941	-3.40282346639e+38	-3.40282346639e+38	
-3.40282346639e+38	0.000442505962941	0.000442505962941	0.000442505962941	0.000442505962941	0.000442505962941	0.000442505962941	0.000442505962941	0.000442505962941	-3.40282346639e+38	-3.40282346639e+38	
-3.40282346639e+38	0.000442505962941	0.000442505962941	0.000442505962941	0.000442505962941	0.000442505962941	0.000442505962941	0.000442505962941	0.000442505962941	-3.40282346639e+38	-3.40282346639e+38	
-3.40282346639e+38	0.000442505962942	0.000442505962942	0.000442505962942	0.000442505962942	0.000442505962942	0.000442505962942	0.000442505962942	0.000442505962942	-3.40282346639e+38	-3.40282346639e+38	
-3.40282346639e+38	0.000442505962942	0.000442505962942	0.000442505962942	0.000442505962942	0.000442505962942	0.000442505962942	0.000442505962942	0.000442505962942	-3.40282346639e+38	-3.40282346639e+38	
-3.40282346639e+38	0.000442505962942	0.000442505962942	0.000442505962942	0.000442505962942	0.000442505962942	0.000442505962942	0.000442505962942	0.000442505962942	-3.40282346639e+38	-3.40282346639e+38	
-3.40282346639e+38	0.000442505962942	0.000442505962942	0.000442505962942	0.000442505962942	0.000442505962942	0.000442505962942	0.000442505962942	0.000442505962942	-3.40282346639e+38	-3.40282346639e+38	
-3.40282346639e+38	0.000442505962942	0.000442505962942	0.000442505962942	0.000442505962942	0.000442505962942	0.000442505962942	0.000442505962942	0.000442505962942	-3.40282346639e+38	-3.40282346639e+38	
-3.40282346639e+38	0.000442505962943	0.000442505962943	0.000442505962943	0.000442505962943	0.000442505962943	0.000442505962943	0.000442505962943	0.000442505962943	-3.40282346639e+38	-3.40282346639e+38	
-3.40282346639e+38	0.000442505962943	0.000442505962943	0.000442505962943	0.000442505962943	0.000442505962943	0.000442505962943	0.000442505962943	0.000442505962943	-3.40282346639e+38	-3.40282346639e+38	
-3.40282346639e+38	0.000442505962943	0.000442505962943	0.000442505962943	0.000442505962943	0.000442505962943	0.000442505962943	0.000442505962943	0.000442505962943	-3.40282346639e+38	-3.40282346639e+38	
-3.40282346639e+38	0.000442505962943	0.000442505962943	0.000442505962943	0.000442505962943	0.000442505962943	0.000442505962943	0.000442505962943	0.000442505962943	-3.40282346639e+38	-3.40282346639e+38	
-3.40282346639e+38	0.000442505962943	0.000442505962943	0.000442505962943	0.000442505962943	0.000442505962943	0.000442505962943	0.000442505962943	0.000442505962943	-3.40282346639e+38	-3.40282346639e+38	
-3.40282346639e+38	0.000442505962943	0.000442505962943	0.000442505962943	0.000442505962943	0.000442505962943	0.000442505962943	0.000442505962943	0.000442505962943	-3.40282346639e+38	-3.40282346639e+38	
-3.40282346639e+38	0.000442505962943	0.000442505962943	0.000442505962943	0.000442505962943	0.000442505962943	0.000442505962943	0.000442505962943	0.000442505962943	-3.40282346639e+38	-3.40282346639e+38	
-3.40282346639e+38	0.000442505962943	0.000442505962943	0.000442505962943	0.000442505962943	0.000442505962943	0.000442505962943	0.000442505962943	0.000442505962943	-3.40282346639e+38	-3.40282346639e+38	
-3.40282346639e+38	0.000442505962943	0.000442505962943	0.000442505962943	0.000442505962943	0.000442505962943	0.000442505962943	0.000442505962943	0.000442505962943	-3.40282346639e+38	-3.40282346639e+38	
-3.40282346639e+38	0.000442505962943	0.000442505962943	0.000442505962943	0.000442505962943	0.000442505962943	0.000442505962943	0.000442505962943	0.000442505962943	-3.40282346639e+38	-3.40282346639e+38	
-3.40282346639e+38	0.000442505962944	0.000442505962944	0.000442505962944	0.000442505962944	0.000442505962944	0.000442505962944	0.000442505962944	0.000442505962944	-3.40282346639e+38	-3.40282346639e+38	
-3.40282346639e+38	0.000442505962944	0.000442505962944	0.000442505962944	0.000442505962944	0.000442505962944	0.000442505962944	0.000442505962944	0.000442505962944	-3.40282346639e+38	-3.40282346639e+38	
-3.40282346639e+38	0.000442505962944	0.000442505962944	0.000442505962944	0.000442505962944	0.000442505962944	0.000442505962944	0.000442505962944	0.000442505962944	-3.40282346639e+38	-3.40282346639e+38	
-3.40282346639e+38	0.000442505962944	0.000442505962944	0.000442505962944	0.000442505962944	0.000442505962944	0.000442505962944	0.000442505962944	0.000442505962944	-3.40282346639e+38	-3.40282346639e+38	
-3.40282346639e+38	-3.40282346639e+38	-3.40282346639e+38	-3.40282346639e+38	-3.40282346639e+38	-3.40282346639e+38	-3.40282346639e+38	-3.40282346639e+38	-3.40282346639e+38	-3.40282346639e+38	-3.40282346639e+38	
