out/0000000002h.asc
ncols 11
nrows 101
xllcorner -0.5
yllcorner -0.5
cellsize 1.0
nodata_value -3.40282346639e+38
-3.40282346639e+38	-3.40282346639e+38	-3.40282346639e+38	-3.40282346639e+38	-3.40282346639e+38	-3.40282346639e+38	-3.40282346639e+38	-3.40282346639e+38	-3.40282346639e+38	-3.40282346639e+38	-3.40282346639e+38	
-3.40282346639e+38	-3.40282346639e+38	-3.40282346639e+38	-3.40282346639e+38	-3.40282346639e+38	-3.40282346639e+38	-3.40282346639e+38	-3.40282346639e+38	-3.40282346639e+38	-3.40282346639e+38	-3.40282346639e+38	
-3.40282346639e+38	1.89349974503e-05	1.89349974503e-05	1.89349974503e-05	1.89349974503e-05	1.89349974503e-05	1.89349974503e-05	1.89349974503e-05	1.89349974503e-05	-3.40282346639e+38	-3.40282346639e+38	
-3.40282346639e+38	1.8935110886e-05	1.8935110886e-05	1.8935110886e-05	1.8935110886e-05	1.8935110886e-05	1.8935110886e-05	1.8935110886e-05	1.8935110886e-05	-3.40282346639e+38	-3.40282346639e+38	
-3.40282346639e+38	1.89351342486e-05	1.89351342486e-05	1.89351342486e-05	1.89351342486e-05	1.89351342486e-05	1.89351342486e-05	1.89351342486e-05	1.89351342486e-05	-3.40282346639e+38	-3.40282346639e+38	
-3.40282346639e+38	1.89351541324e-05	1.89351541324e-05	1.89351541324e-05	1.89351541324e-05	1.89351541324e-05	1.89351541324e-05	1.89351541324e-05	1.89351541324e-05	-3.40282346639e+38	-3.40282346639e+38	
-3.40282346639e+38	1.89351711778e-05	1.89351711778e-05	1.89351711778e-05	1.89351711778e-05	1.89351711778e-05	1.89351711778e-05	1.89351711778e-05	1.89351711778e-05	-3.40282346639e+38	-3.40282346639e+38	
-3.40282346639e+38	1.89351857723e-05	1.89351857723e-05	1.89351857723e-05	1.89351857723e-05	1.89351857723e-05	1.89351857723e-05	1.89351857723e-05	1.89351857723e-05	-3.40282346639e+38	-3.40282346639e+38	
-3.40282346639e+38	1.89351982556e-05	1.89351982556e-05	1.89351982556e-05	1.89351982556e-05	1.89351982556e-05	1.89351982556e-05	1.89351982556e-05	1.89351982556e-05	-3.40282346639e+38	-3.40282346639e+38	
-3.40282346639e+38	1.89352089239e-05	1.89352089239e-05	1.89352089239e-05	1.89352089239e-05	1.89352089239e-05	1.89352089239e-05	1.89352089239e-05	1.89352089239e-05	-3.40282346639e+38	-3.40282346639e+38	
-3.40282346639e+38	1.89352180348e-05	1.89352180348e-05	1.89352180348e-05	1.89352180348e-05	1.89352180348e-05	1.89352180348e-05	1.89352180348e-05	1.89352180348e-05	-3.40282346639e+38	-3.40282346639e+38	
-3.40282346639e+38	1.89352258112e-05	1.89352258112e-05	1.89352258112e-05	1.89352258112e-05	1.89352258112e-05	1.89352258112e-05	1.89352258112e-05	1.89352258112e-05	-3.40282346639e+38	-3.40282346639e+38	
-3.40282346639e+38	1.89352324458e-05	1.89352324458e-05	1.89352324458e-05	1.89352324458e-05	1.89352324458e-05	1.89352324458e-05	1.89352324458e-05	1.89352324458e-05	-3.40282346639e+38	-3.40282346639e+38	
-3.40282346639e+38	1.89352381042e-05	1.89352381042e-05	1.89352381042e-05	1.89352381042e-05	1.89352381042e-05	1.89352381042e-05	1.89352381042e-05	1.89352381042e-05	-3.40282346639e+38	-3.40282346639e+38	
-3.40282346639e+38	1.89352429289e-05	1.89352429289e-05	1.89352429289e-05	1.89352429289e-05	1.89352429289e-05	1.89352429289e-05	1.89352429289e-05	1.89352429289e-05	-3.40282346639e+38	-3.40282346639e+38	
-3.40282346639e+38	1.89352470423e-05	1.89352470423e-05	1.89352470423e-05	1.89352470423e-05	1.89352470423e-05	1.89352470423e-05	1.89352470423e-05	1.89352470423e-05	-3.40282346639e+38	-3.40282346639e+38	
-3.40282346639e+38	1.89352505489e-05	1.89352505489e-05	1.89352505489e-05	1.89352505489e-05	1.89352505489e-05	1.89352505489e-05	1.89352505489e-05	1.89352505489e-05	-3.40282346639e+38	-3.40282346639e+38	
-3.40282346639e+38	1.89352535382e-05	1.89352535382e-05	1.89352535382e-05	1.89352535382e-05	1.89352535382e-05	1.89352535382e-05	1.89352535382e-05	1.89352535382e-05	-3.40282346639e+38	-3.40282346639e+38	
-3.40282346639e+38	1.89352560867e-05	1.89352560867e-05	1.89352560867e-05	1.89352560867e-05	1.89352560867e-05	1.89352560867e-05	1.89352560867e-05	1.89352560867e-05	-3.40282346639e+38	-3.40282346639e+38	
-3.40282346639e+38	1.89352582596e-05	1.89352582596e-05	1.89352582596e-05	1.89352582596e-05	1.89352582596e-05	1.89352582596e-05	1.89352582596e-05	1.89352582596e-05	-3.40282346639e+38	-3.40282346639e+38	
-3.40282346639e+38	1.89352601126e-05	1.89352601126e-05	1.89352601126e-05	1.89352601126e-05	1.89352601126e-05	1.89352601126e-05	1.89352601126e-05	1.89352601126e-05	-3.40282346639e+38	-3.40282346639e+38	
-3.40282346639e+38	1.89352616931e-05	1.89352616931e-05	1.89352616931e-05	1.89352616931e-05	1.89352616931e-05	1.89352616931e-05	1.89352616931e-05	1.89352616931e-05	-3.40282346639e+38	-3.40282346639e+38	
-3.40282346639e+38	1.89352630414e-05	1.89352630414e-05	1.89352630414e-05	1.89352630414e-05	1.89352630414e-05	1.89352630414e-05	1.89352630414e-05	1.89352630414e-05	-3.40282346639e+38	-3.40282346639e+38	
-3.40282346639e+38	1.8935264192e-05	1.8935264192e-05	1.8935264192e-05	1.8935264192e-05	1.8935264192e-05	1.8935264192e-05	1.8935264192e-05	1.8935264192e-05	-3.40282346639e+38	-3.40282346639e+38	
-3.40282346639e+38	1.89352651741e-05	1.89352651741e-05	1.89352651741e-05	1.89352651741e-05	1.89352651741e-05	1.89352651741e-05	1.89352651741e-05	1.89352651741e-05	-3.40282346639e+38	-3.40282346639e+38	
-3.40282346639e+38	1.89352660127e-05	1.89352660127e-05	1.89352660127e-05	1.89352660127e-05	1.89352660127e-05	1.89352660127e-05	1.89352660127e-05	1.89352660127e-05	-3.40282346639e+38	-3.40282346639e+38	
-3.40282346639e+38	1.8935266729e-05	1.8935266729e-05	1.8935266729e-05	1.8935266729e-05	1.8935266729e-05	1.8935266729e-05	1.8935266729e-05	1.8935266729e-05	-3.40282346639e+38	-3.40282346639e+38	
-3.40282346639e+38	1.8935267341e-05	1.8935267341e-05	1.8935267341e-05	1.8935267341e-05	1.8935267341e-05	1.8935267341e-05	1.8935267341e-05	1.8935267341e-05	-3.40282346639e+38	-3.40282346639e+38	
-3.40282346639e+38	1.8935267864e-05	1.8935267864e-05	1.8935267864e-05	1.8935267864e-05	1.8935267864e-05	1.8935267864e-05	1.8935267864e-05	1.8935267864e-05	-3.40282346639e+38	-3.40282346639e+38	
-3.40282346639e+38	1.89352683113e-05	1.89352683113e-05	1.89352683113e-05	1.89352683113e-05	1.89352683113e-05	1.89352683113e-05	1.89352683113e-05	1.89352683113e-05	-3.40282346639e+38	-3.40282346639e+38	
-3.40282346639e+38	1.89352686939e-05	1.89352686939e-05	1.89352686939e-05	1.89352686939e-05	1.89352686939e-05	1.89352686939e-05	1.89352686939e-05	1.89352686939e-05	-3.40282346639e+38	-3.40282346639e+38	
-3.40282346639e+38	1.89352690213e-05	1.89352690213e-05	1.89352690213e-05	1.89352690213e-05	1.89352690213e-05	1.89352690213e-05	1.89352690213e-05	1.89352690213e-05	-3.40282346639e+38	-3.40282346639e+38	
-3.40282346639e+38	1.89352693016e-05	1.89352693016e-05	1.89352693016e-05	1.89352693016e-05	1.89352693016e-05	1.89352693016e-05	1.89352693016e-05	1.89352693016e-05	-3.40282346639e+38	-3.40282346639e+38	
-3.40282346639e+38	1.89352695416e-05	1.89352695416e-05	1.89352695416e-05	1.89352695416e-05	1.89352695416e-05	1.89352695416e-05	1.89352695416e-05	1.89352695416e-05	-3.40282346639e+38	-3.40282346639e+38	
-3.40282346639e+38	1.89352697473e-05	1.89352697473e-05	1.89352697473e-05	1.89352697473e-05	1.89352697473e-05	1.89352697473e-05	1.89352697473e-05	1.89352697473e-05	-3.40282346639e+38	-3.40282346639e+38	
-3.40282346639e+38	1.89352699236e-05	1.89352699236e-05	1.89352699236e-05	1.89352699236e-05	1.89352699236e-05	1.89352699236e-05	1.89352699236e-05	1.89352699236e-05	-3.40282346639e+38	-3.40282346639e+38	
-3.40282346639e+38	1.89352700748e-05	1.89352700748e-05	1.89352700748e-05	1.89352700748e-05	1.89352700748e-05	1.89352700748e-05	1.89352700748e-05	1.89352700748e-05	-3.40282346639e+38	-3.40282346639e+38	
-3.40282346639e+38	1.89352702046e-05	1.89352702046e-05	1.89352702046e-05	1.89352702046e-05	1.89352702046e-05	1.89352702046e-05	1.89352702046e-05	1.89352702046e-05	-3.40282346639e+38	-3.40282346639e+38	
-3.40282346639e+38	1.89352703159e-05	1.89352703159e-05	1.89352703159e-05	1.89352703159e-05	1.89352703159e-05	1.89352703159e-05	1.89352703159e-05	1.89352703159e-05	-3.40282346639e+38	-3.40282346639e+38	
-3.40282346639e+38	1.89352704115e-05	1.89352704115e-05	1.89352704115e-05	1.89352704115e-05	1.89352704115e-05	1.89352704115e-05	1.89352704115e-05	1.89352704115e-05	-3.40282346639e+38	-3.40282346639e+38	
-3.40282346639e+38	1.89352704937e-05	1.89352704937e-05	1.89352704937e-05	1.89352704937e-05	1.89352704937e-05	1.89352704937e-05	1.89352704937e-05	1.89352704937e-05	-3.40282346639e+38	-3.40282346639e+38	
-3.40282346639e+38	1.89352705643e-05	1.89352705643e-05	1.89352705643e-05	1.89352705643e-05	1.89352705643e-05	1.89352705643e-05	1.89352705643e-05	1.89352705643e-05	-3.40282346639e+38	-3.40282346639e+38	
-3.40282346639e+38	1.89352706251e-05	1.89352706251e-05	1.89352706251e-05	1.89352706251e-05	1.89352706251e-05	1.89352706251e-05	1.89352706251e-05	1.89352706251e-05	-3.40282346639e+38	-3.40282346639e+38	
-3.40282346639e+38	1.89352706774e-05	1.89352706774e-05	1.89352706774e-05	1.89352706774e-05	1.89352706774e-05	1.89352706774e-05	1.89352706774e-05	1.89352706774e-05	-3.40282346639e+38	-3.40282346639e+38	
-3.40282346639e+38	1.89352707223e-05	1.89352707223e-05	1.89352707223e-05	1.89352707223e-05	1.89352707223e-05	1.89352707223e-05	1.89352707223e-05	1.89352707223e-05	-3.40282346639e+38	-3.40282346639e+38	
-3.40282346639e+38	1.89352707611e-05	1.89352707611e-05	1.89352707611e-05	1.89352707611e-05	1.89352707611e-05	1.89352707611e-05	1.89352707611e-05	1.89352707611e-05	-3.40282346639e+38	-3.40282346639e+38	
-3.40282346639e+38	1.89352707945e-05	1.89352707945e-05	1.89352707945e-05	1.89352707945e-05	1.89352707945e-05	1.89352707945e-05	1.89352707945e-05	1.89352707945e-05	-3.40282346639e+38	-3.40282346639e+38	
-3.40282346639e+38	1.89352708233e-05	1.89352708233e-05	1.89352708233e-05	1.89352708233e-05	1.89352708233e-05	1.89352708233e-05	1.89352708233e-05	1.89352708233e-05	-3.40282346639e+38	-3.40282346639e+38	
-3.40282346639e+38	1.89352708481e-05	1.89352708481e-05	1.89352708481e-05	1.89352708481e-05	1.89352708481e-05	1.89352708481e-05	1.89352708481e-05	1.89352708481e-05	-3.40282346639e+38	-3.40282346639e+38	
-3.40282346639e+38	1.89352708696e-05	1.89352708696e-05	1.89352708696e-05	1.89352708696e-05	1.89352708696e-05	1.89352708696e-05	1.89352708696e-05	1.89352708696e-05	-3.40282346639e+38	-3.40282346639e+38	
-3.40282346639e+38	1.89352708881e-05	1.89352708881e-05	1.89352708881e-05	1.89352708881e-05	1.89352708881e-05	1.89352708881e-05	1.89352708881e-05	1.89352708881e-05	-3.40282346639e+38	-3.40282346639e+38	
-3.40282346639e+38	1.89352709041e-05	1.89352709041e-05	1.89352709041e-05	1.89352709041e-05	1.89352709041e-05	1.89352709041e-05	1.89352709041e-05	1.89352709041e-05	-3.40282346639e+38	-3.40282346639e+38	
-3.40282346639e+38	1.89352709179e-05	1.89352709179e-05	1.89352709179e-05	1.89352709179e-05	1.89352709179e-05	1.89352709179e-05	1.89352709179e-05	1.89352709179e-05	-3.40282346639e+38	-3.40282346639e+38	
-3.40282346639e+38	1.89352709299e-05	1.89352709299e-05	1.89352709299e-05	1.89352709299e-05	1.89352709299e-05	1.89352709299e-05	1.89352709299e-05	1.89352709299e-05	-3.40282346639e+38	-3.40282346639e+38	
-3.40282346639e+38	1.89352709403e-05	1.89352709403e-05	1.89352709403e-05	1.89352709403e-05	1.89352709403e-05	1.89352709403e-05	1.89352709403e-05	1.89352709403e-05	-3.40282346639e+38	-3.40282346639e+38	
-3.40282346639e+38	1.89352709492e-05	1.89352709492e-05	1.89352709492e-05	1.89352709492e-05	1.89352709492e-05	1.89352709492e-05	1.89352709492e-05	1.89352709492e-05	-3.40282346639e+38	-3.40282346639e+38	
-3.40282346639e+38	1.8935270957e-05	1.8935270957e-05	1.8935270957e-05	1.8935270957e-05	1.8935270957e-05	1.8935270957e-05	1.8935270957e-05	1.8935270957e-05	-3.40282346639e+38	-3.40282346639e+38	
-3.40282346639e+38	1.89352709637e-05	1.89352709637e-05	1.89352709637e-05	1.89352709637e-05	1.89352709637e-05	1.89352709637e-05	1.89352709637e-05	1.89352709637e-05	-3.40282346639e+38	-3.40282346639e+38	
-3.40282346639e+38	1.89352709696e-05	1.89352709696e-05	1.89352709696e-05	1.89352709696e-05	1.89352709696e-05	1.89352709696e-05	1.89352709696e-05	1.89352709696e-05	-3.40282346639e+38	-3.40282346639e+38	
-3.40282346639e+38	1.89352709747e-05	1.89352709747e-05	1.89352709747e-05	1.89352709747e-05	1.89352709747e-05	1.89352709747e-05	1.89352709747e-05	1.89352709747e-05	-3.40282346639e+38	-3.40282346639e+38	
-3.40282346639e+38	1.89352709791e-05	1.89352709791e-05	1.89352709791e-05	1.89352709791e-05	1.89352709791e-05	1.89352709791e-05	1.89352709791e-05	1.89352709791e-05	-3.40282346639e+38	-3.40282346639e+38	
-3.40282346639e+38	1.89352709829e-05	1.89352709829e-05	1.89352709829e-05	1.89352709829e-05	1.89352709829e-05	1.89352709829e-05	1.89352709829e-05	1.89352709829e-05	-3.40282346639e+38	-3.40282346639e+38	
-3.40282346639e+38	1.89352709862e-05	1.89352709862e-05	1.89352709862e-05	1.89352709862e-05	1.89352709862e-05	1.89352709862e-05	1.89352709862e-05	1.89352709862e-05	-3.40282346639e+38	-3.40282346639e+38	
-3.40282346639e+38	1.89352709891e-05	1.89352709891e-05	1.89352709891e-05	1.89352709891e-05	1.89352709891e-05	1.89352709891e-05	1.89352709891e-05	1.89352709891e-05	-3.40282346639e+38	-3.40282346639e+38	
-3.40282346639e+38	1.89352709917e-05	1.89352709917e-05	1.89352709917e-05	1.89352709917e-05	1.89352709917e-05	1.89352709917e-05	1.89352709917e-05	1.89352709917e-05	-3.40282346639e+38	-3.40282346639e+38	
-3.40282346639e+38	1.89352709939e-05	1.89352709939e-05	1.89352709939e-05	1.89352709939e-05	1.89352709939e-05	1.89352709939e-05	1.89352709939e-05	1.89352709939e-05	-3.40282346639e+38	-3.40282346639e+38	
-3.40282346639e+38	1.89352709958e-05	1.89352709958e-05	1.89352709958e-05	1.89352709958e-05	1.89352709958e-05	1.89352709958e-05	1.89352709958e-05	1.89352709958e-05	-3.40282346639e+38	-3.40282346639e+38	
-3.40282346639e+38	1.89352709975e-05	1.89352709975e-05	1.89352709975e-05	1.89352709975e-05	1.89352709975e-05	1.89352709975e-05	1.89352709975e-05	1.89352709975e-05	-3.40282346639e+38	-3.40282346639e+38	
-3.40282346639e+38	1.89352709989e-05	1.89352709989e-05	1.89352709989e-05	1.89352709989e-05	1.89352709989e-05	1.89352709989e-05	1.89352709989e-05	1.89352709989e-05	-3.40282346639e+38	-3.40282346639e+38	
-3.40282346639e+38	1.89352710002e-05	1.89352710002e-05	1.89352710002e-05	1.89352710002e-05	1.89352710002e-05	1.89352710002e-05	1.89352710002e-05	1.89352710002e-05	-3.40282346639e+38	-3.40282346639e+38	
-3.40282346639e+38	1.89352710013e-05	1.89352710013e-05	1.89352710013e-05	1.89352710013e-05	1.89352710013e-05	1.89352710013e-05	1.89352710013e-05	1.89352710013e-05	-3.40282346639e+38	-3.40282346639e+38	
-3.40282346639e+38	1.89352710023e-05	1.89352710023e-05	1.89352710023e-05	1.89352710023e-05	1.89352710023e-05	1.89352710023e-05	1.89352710023e-05	1.89352710023e-05	-3.40282346639e+38	-3.40282346639e+38	
-3.40282346639e+38	1.89352710032e-05	1.89352710032e-05	1.89352710032e-05	1.89352710032e-05	1.89352710032e-05	1.89352710032e-05	1.89352710032e-05	1.89352710032e-05	-3.40282346639e+38	-3.40282346639e+38	
-3.40282346639e+38	1.89352710039e-05	1.89352710039e-05	1.89352710039e-05	1.89352710039e-05	1.89352710039e-05	1.89352710039e-05	1.89352710039e-05	1.89352710039e-05	-3.40282346639e+38	-3.40282346639e+38	
-3.40282346639e+38	1.89352710046e-05	1.89352710046e-05	1.89352710046e-05	1.89352710046e-05	1.89352710046e-05	1.89352710046e-05	1.89352710046e-05	1.89352710046e-05	-3.40282346639e+38	-3.40282346639e+38	
-3.40282346639e+38	1.89352710051e-05	1.89352710051e-05	1.89352710051e-05	1.89352710051e-05	1.89352710051e-05	1.89352710051e-05	1.89352710051e-05	1.89352710051e-05	-3.40282346639e+38	-3.40282346639e+38	
-3.40282346639e+38	1.89352710057e-05	1.89352710057e-05	1.89352710057e-05	1.89352710057e-05	1.89352710057e-05	1.89352710057e-05	1.89352710057e-05	1.89352710057e-05	-3.40282346639e+38	-3.40282346639e+38	
-3.40282346639e+38	1.89352710061e-05	1.89352710061e-05	1.89352710061e-05	1.89352710061e-05	1.89352710061e-05	1.89352710061e-05	1.89352710061e-05	1.89352710061e-05	-3.40282346639e+38	-3.40282346639e+38	
-3.40282346639e+38	1.89352710065e-05	1.89352710065e-05	1.89352710065e-05	1.89352710065e-05	1.89352710065e-05	1.89352710065e-05	1.89352710065e-05	1.89352710065e-05	-3.40282346639e+38	-3.40282346639e+38	
-3.40282346639e+38	1.89352710068e-05	1.89352710068e-05	1.89352710068e-05	1.89352710068e-05	1.89352710068e-05	1.89352710068e-05	1.89352710068e-05	1.89352710068e-05	-3.40282346639e+38	-3.40282346639e+38	
-3.40282346639e+38	1.89352710071e-05	1.89352710071e-05	1.89352710071e-05	1.89352710071e-05	1.89352710071e-05	1.89352710071e-05	1.89352710071e-05	1.89352710071e-05	-3.40282346639e+38	-3.40282346639e+38	
-3.40282346639e+38	1.89352710074e-05	1.89352710074e-05	1.89352710074e-05	1.89352710074e-05	1.89352710074e-05	1.89352710074e-05	1.89352710074e-05	1.89352710074e-05	-3.40282346639e+38	-3.40282346639e+38	
-3.40282346639e+38	1.89352710076e-05	1.89352710076e-05	1.89352710076e-05	1.89352710076e-05	1.89352710076e-05	1.89352710076e-05	1.89352710076e-05	1.89352710076e-05	-3.40282346639e+38	-3.40282346639e+38	
-3.40282346639e+38	1.89352710079e-05	1.89352710079e-05	1.89352710079e-05	1.89352710079e-05	1.89352710079e-05	1.89352710079e-05	1.89352710079e-05	1.89352710079e-05	-3.40282346639e+38	-3.40282346639e+38	
-3.40282346639e+38	1.8935271008e-05	1.8935271008e-05	1.8935271008e-05	1.8935271008e-05	1.8935271008e-05	1.8935271008e-05	1.8935271008e-05	1.8935271008e-05	-3.40282346639e+38	-3.40282346639e+38	
-3.40282346639e+38	1.89352710082e-05	1.89352710082e-05	1.89352710082e-05	1.89352710082e-05	1.89352710082e-05	1.89352710082e-05	1.89352710082e-05	1.89352710082e-05	-3.40282346639e+38	-3.40282346639e+38	
-3.40282346639e+38	1.89352710083e-05	1.89352710083e-05	1.89352710083e-05	1.89352710083e-05	1.89352710083e-05	1.89352710083e-05	1.89352710083e-05	1.89352710083e-05	-3.40282346639e+38	-3.40282346639e+38	
-3.40282346639e+38	1.89352710085e-05	1.89352710085e-05	1.89352710085e-05	1.89352710085e-05	1.89352710085e-05	1.89352710085e-05	1.89352710085e-05	1.89352710085e-05	-3.40282346639e+38	-3.40282346639e+38	
-3.40282346639e+38	1.89352710086e-05	1.89352710086e-05	1.89352710086e-05	1.89352710086e-05	1.89352710086e-05	1.89352710086e-05	1.89352710086e-05	1.89352710086e-05	-3.40282346639e+38	-3.40282346639e+38	
-3.40282346639e+38	1.89352710087e-05	1.89352710087e-05	1.89352710087e-05	1.89352710087e-05	1.89352710087e-05	1.89352710087e-05	1.89352710087e-05	1.89352710087e-05	-3.40282346639e+38	-3.40282346639e+38	
-3.40282346639e+38	1.89352710088e-05	1.89352710088e-05	1.89352710088e-05	1.89352710088e-05	1.89352710088e-05	1.89352710088e-05	1.89352710088e-05	1.89352710088e-05	-3.40282346639e+38	-3.40282346639e+38	
-3.40282346639e+38	1.89352710088e-05	1.89352710088e-05	1.89352710088e-05	1.89352710088e-05	1.89352710088e-05	1.89352710088e-05	1.89352710088e-05	1.89352710088e-05	-3.40282346639e+38	-3.40282346639e+38	
-3.40282346639e+38	1.89352710089e-05	1.89352710089e-05	1.89352710089e-05	1.89352710089e-05	1.89352710089e-05	1.89352710089e-05	1.89352710089e-05	1.89352710089e-05	-3.40282346639e+38	-3.40282346639e+38	
-3.40282346639e+38	1.8935271009e-05	1.8935271009e-05	1.8935271009e-05	1.8935271009e-05	1.8935271009e-05	1.8935271009e-05	1.8935271009e-05	1.8935271009e-05	-3.40282346639e+38	-3.40282346639e+38	
-3.40282346639e+38	1.8935271009e-05	1.8935271009e-05	1.8935271009e-05	1.8935271009e-05	1.8935271009e-05	1.8935271009e-05	1.8935271009e-05	1.8935271009e-05	-3.40282346639e+38	-3.40282346639e+38	
-3.40282346639e+38	1.89352710091e-05	1.89352710091e-05	1.89352710091e-05	1.89352710091e-05	1.89352710091e-05	1.89352710091e-05	1.89352710091e-05	1.89352710091e-05	-3.40282346639e+38	-3.40282346639e+38	
-3.40282346639e+38	1.89352710091e-05	1.89352710091e-05	1.89352710091e-05	1.89352710091e-05	1.89352710091e-05	1.89352710091e-05	1.89352710091e-05	1.89352710091e-05	-3.40282346639e+38	-3.40282346639e+38	
-3.40282346639e+38	1.89352710092e-05	1.89352710092e-05	1.89352710092e-05	1.89352710092e-05	1.89352710092e-05	1.89352710092e-05	1.89352710092e-05	1.89352710092e-05	-3.40282346639e+38	-3.40282346639e+38	
-3.40282346639e+38	1.89352710092e-05	1.89352710092e-05	1.89352710092e-05	1.89352710092e-05	1.89352710092e-05	1.89352710092e-05	1.89352710092e-05	1.89352710092e-05	-3.40282346639e+38	-3.40282346639e+38	
-3.40282346639e+38	1.89352710092e-05	1.89352710092e-05	1.89352710092e-05	1.89352710092e-05	1.89352710092e-05	1.89352710092e-05	1.89352710092e-05	1.89352710092e-05	-3.40282346639e+38	-3.40282346639e+38	
-3.40282346639e+38	-3.40282346639e+38	-3.40282346639e+38	-3.40282346639e+38	-3.40282346639e+38	-3.40282346639e+38	-3.40282346639e+38	-3.40282346639e+38	-3.40282346639e+38	-3.40282346639e+38	-3.40282346639e+38	
