out/0000000033h.asc
ncols 11
nrows 101
xllcorner -0.5
yllcorner -0.5
cellsize 1.0
nodata_value -3.40282346639e+38
-3.40282346639e+38	-3.40282346639e+38	-3.40282346639e+38	-3.40282346639e+38	-3.40282346639e+38	-3.40282346639e+38	-3.40282346639e+38	-3.40282346639e+38	-3.40282346639e+38	-3.40282346639e+38	-3.40282346639e+38	
-3.40282346639e+38	-3.40282346639e+38	-3.40282346639e+38	-3.40282346639e+38	-3.40282346639e+38	-3.40282346639e+38	-3.40282346639e+38	-3.40282346639e+38	-3.40282346639e+38	-3.40282346639e+38	-3.40282346639e+38	
-3.40282346639e+38	0.000335368930993	0.000335368930993	0.000335368930993	0.000335368930993	0.000335368930993	0.000335368930993	0.000335368930993	0.000335368930993	-3.40282346639e+38	-3.40282346639e+38	
-3.40282346639e+38	0.000340541242247	0.000340541242247	0.000340541242247	0.000340541242247	0.000340541242247	0.000340541242247	0.000340541242247	0.000340541242247	-3.40282346639e+38	-3.40282346639e+38	
-3.40282346639e+38	0.000341242002495	0.000341242002495	0.000341242002495	0.000341242002495	0.000341242002495	0.000341242002495	0.000341242002495	0.000341242002495	-3.40282346639e+38	-3.40282346639e+38	
-3.40282346639e+38	0.000341319879647	0.000341319879647	0.000341319879647	0.000341319879647	0.000341319879647	0.000341319879647	0.000341319879647	0.000341319879647	-3.40282346639e+38	-3.40282346639e+38	
-3.40282346639e+38	0.000341327265207	0.000341327265207	0.000341327265207	0.000341327265207	0.000341327265207	0.000341327265207	0.000341327265207	0.000341327265207	-3.40282346639e+38	-3.40282346639e+38	
-3.40282346639e+38	0.000341327891996	0.000341327891996	0.000341327891996	0.000341327891996	0.000341327891996	0.000341327891996	0.000341327891996	0.000341327891996	-3.40282346639e+38	-3.40282346639e+38	
-3.40282346639e+38	0.000341327950853	0.000341327950853	0.000341327950853	0.000341327950853	0.000341327950853	0.000341327950853	0.000341327950853	0.000341327950853	-3.40282346639e+38	-3.40282346639e+38	
-3.40282346639e+38	0.000341327965454	0.000341327965454	0.000341327965454	0.000341327965454	0.000341327965454	0.000341327965454	0.000341327965454	0.000341327965454	-3.40282346639e+38	-3.40282346639e+38	
-3.40282346639e+38	0.000341327975504	0.000341327975504	0.000341327975504	0.000341327975504	0.000341327975504	0.000341327975504	0.000341327975504	0.000341327975504	-3.40282346639e+38	-3.40282346639e+38	
-3.40282346639e+38	0.000341327983934	0.000341327983934	0.000341327983934	0.000341327983934	0.000341327983934	0.000341327983934	0.000341327983934	0.000341327983934	-3.40282346639e+38	-3.40282346639e+38	
-3.40282346639e+38	0.000341327991122	0.000341327991122	0.000341327991122	0.000341327991122	0.000341327991122	0.000341327991122	0.000341327991122	0.000341327991122	-3.40282346639e+38	-3.40282346639e+38	
-3.40282346639e+38	0.000341327997254	0.000341327997254	0.000341327997254	0.000341327997254	0.000341327997254	0.000341327997254	0.000341327997254	0.000341327997254	-3.40282346639e+38	-3.40282346639e+38	
-3.40282346639e+38	0.000341328002484	0.000341328002484	0.000341328002484	0.000341328002484	0.000341328002484	0.000341328002484	0.000341328002484	0.000341328002484	-3.40282346639e+38	-3.40282346639e+38	
-3.40282346639e+38	0.000341328006945	0.000341328006945	0.000341328006945	0.000341328006945	0.000341328006945	0.000341328006945	0.000341328006945	0.000341328006945	-3.40282346639e+38	-3.40282346639e+38	
-3.40282346639e+38	0.000341328010749	0.000341328010749	0.000341328010749	0.000341328010749	0.000341328010749	0.000341328010749	0.000341328010749	0.000341328010749	-3.40282346639e+38	-3.40282346639e+38	
-3.40282346639e+38	0.000341328013992	0.000341328013992	0.000341328013992	0.000341328013992	0.000341328013992	0.000341328013992	0.000341328013992	0.000341328013992	-3.40282346639e+38	-3.40282346639e+38	
-3.40282346639e+38	0.000341328016757	0.000341328016757	0.000341328016757	0.000341328016757	0.000341328016757	0.000341328016757	0.000341328016757	0.000341328016757	-3.40282346639e+38	-3.40282346639e+38	
-3.40282346639e+38	0.000341328019116	0.000341328019116	0.000341328019116	0.000341328019116	0.000341328019116	0.000341328019116	0.000341328019116	0.000341328019116	-3.40282346639e+38	-3.40282346639e+38	
-3.40282346639e+38	0.000341328021127	0.000341328021127	0.000341328021127	0.000341328021127	0.000341328021127	0.000341328021127	0.000341328021127	0.000341328021127	-3.40282346639e+38	-3.40282346639e+38	
-3.40282346639e+38	0.000341328022843	0.000341328022843	0.000341328022843	0.000341328022843	0.000341328022843	0.000341328022843	0.000341328022843	0.000341328022843	-3.40282346639e+38	-3.40282346639e+38	
-3.40282346639e+38	0.000341328024307	0.000341328024307	0.000341328024307	0.000341328024307	0.000341328024307	0.000341328024307	0.000341328024307	0.000341328024307	-3.40282346639e+38	-3.40282346639e+38	
-3.40282346639e+38	0.000341328025556	0.000341328025556	0.000341328025556	0.000341328025556	0.000341328025556	0.000341328025556	0.000341328025556	0.000341328025556	-3.40282346639e+38	-3.40282346639e+38	
-3.40282346639e+38	0.000341328026623	0.000341328026623	0.000341328026623	0.000341328026623	0.000341328026623	0.000341328026623	0.000341328026623	0.000341328026623	-3.40282346639e+38	-3.40282346639e+38	
-3.40282346639e+38	0.000341328027534	0.000341328027534	0.000341328027534	0.000341328027534	0.000341328027534	0.000341328027534	0.000341328027534	0.000341328027534	-3.40282346639e+38	-3.40282346639e+38	
-3.40282346639e+38	0.000341328028312	0.000341328028312	0.000341328028312	0.000341328028312	0.000341328028312	0.000341328028312	0.000341328028312	0.000341328028312	-3.40282346639e+38	-3.40282346639e+38	
-3.40282346639e+38	0.000341328028976	0.000341328028976	0.000341328028976	0.000341328028976	0.000341328028976	0.000341328028976	0.000341328028976	0.000341328028976	-3.40282346639e+38	-3.40282346639e+38	
-3.40282346639e+38	0.000341328029544	0.000341328029544	0.000341328029544	0.000341328029544	0.000341328029544	0.000341328029544	0.000341328029544	0.000341328029544	-3.40282346639e+38	-3.40282346639e+38	
-3.40282346639e+38	0.00034132803003	0.00034132803003	0.00034132803003	0.00034132803003	0.00034132803003	0.00034132803003	0.00034132803003	0.00034132803003	-3.40282346639e+38	-3.40282346639e+38	
-3.40282346639e+38	0.000341328030446	0.000341328030446	0.000341328030446	0.000341328030446	0.000341328030446	0.000341328030446	0.000341328030446	0.000341328030446	-3.40282346639e+38	-3.40282346639e+38	
-3.40282346639e+38	0.000341328030802	0.000341328030802	0.000341328030802	0.000341328030802	0.000341328030802	0.000341328030802	0.000341328030802	0.000341328030802	-3.40282346639e+38	-3.40282346639e+38	
-3.40282346639e+38	0.000341328031106	0.000341328031106	0.000341328031106	0.000341328031106	0.000341328031106	0.000341328031106	0.000341328031106	0.000341328031106	-3.40282346639e+38	-3.40282346639e+38	
-3.40282346639e+38	0.000341328031367	0.000341328031367	0.000341328031367	0.000341328031367	0.000341328031367	0.000341328031367	0.000341328031367	0.000341328031367	-3.40282346639e+38	-3.40282346639e+38	
-3.40282346639e+38	0.00034132803159	0.00034132803159	0.00034132803159	0.00034132803159	0.00034132803159	0.00034132803159	0.00034132803159	0.00034132803159	-3.40282346639e+38	-3.40282346639e+38	
-3.40282346639e+38	0.000341328031782	0.000341328031782	0.000341328031782	0.000341328031782	0.000341328031782	0.000341328031782	0.000341328031782	0.000341328031782	-3.40282346639e+38	-3.40282346639e+38	
-3.40282346639e+38	0.000341328031946	0.000341328031946	0.000341328031946	0.000341328031946	0.000341328031946	0.000341328031946	0.000341328031946	0.000341328031946	-3.40282346639e+38	-3.40282346639e+38	
-3.40282346639e+38	0.000341328032087	0.000341328032087	0.000341328032087	0.000341328032087	0.000341328032087	0.000341328032087	0.000341328032087	0.000341328032087	-3.40282346639e+38	-3.40282346639e+38	
-3.40282346639e+38	0.000341328032208	0.000341328032208	0.000341328032208	0.000341328032208	0.000341328032208	0.000341328032208	0.000341328032208	0.000341328032208	-3.40282346639e+38	-3.40282346639e+38	
-3.40282346639e+38	0.000341328032312	0.000341328032312	0.000341328032312	0.000341328032312	0.000341328032312	0.000341328032312	0.000341328032312	0.000341328032312	-3.40282346639e+38	-3.40282346639e+38	
-3.40282346639e+38	0.000341328032401	0.000341328032401	0.000341328032401	0.000341328032401	0.000341328032401	0.000341328032401	0.000341328032401	0.000341328032401	-3.40282346639e+38	-3.40282346639e+38	
-3.40282346639e+38	0.000341328032478	0.000341328032478	0.000341328032478	0.000341328032478	0.000341328032478	0.000341328032478	0.000341328032478	0.000341328032478	-3.40282346639e+38	-3.40282346639e+38	
-3.40282346639e+38	0.000341328032544	0.000341328032544	0.000341328032544	0.000341328032544	0.000341328032544	0.000341328032544	0.000341328032544	0.000341328032544	-3.40282346639e+38	-3.40282346639e+38	
-3.40282346639e+38	0.000341328032601	0.000341328032601	0.000341328032601	0.000341328032601	0.000341328032601	0.000341328032601	0.000341328032601	0.000341328032601	-3.40282346639e+38	-3.40282346639e+38	
-3.40282346639e+38	0.000341328032649	0.000341328032649	0.000341328032649	0.000341328032649	0.000341328032649	0.000341328032649	0.000341328032649	0.000341328032649	-3.40282346639e+38	-3.40282346639e+38	
-3.40282346639e+38	0.000341328032692	0.000341328032692	0.000341328032692	0.000341328032692	0.000341328032692	0.000341328032692	0.000341328032692	0.000341328032692	-3.40282346639e+38	-3.40282346639e+38	
-3.40282346639e+38	0.000341328032728	0.000341328032728	0.000341328032728	0.000341328032728	0.000341328032728	0.000341328032728	0.000341328032728	0.000341328032728	-3.40282346639e+38	-3.40282346639e+38	
-3.40282346639e+38	0.000341328032759	0.000341328032759	0.000341328032759	0.000341328032759	0.000341328032759	0.000341328032759	0.000341328032759	0.000341328032759	-3.40282346639e+38	-3.40282346639e+38	
-3.40282346639e+38	0.000341328032786	0.000341328032786	0.000341328032786	0.000341328032786	0.000341328032786	0.000341328032786	0.000341328032786	0.000341328032786	-3.40282346639e+38	-3.40282346639e+38	
-3.40282346639e+38	0.000341328032809	0.000341328032809	0.000341328032809	0.000341328032809	0.000341328032809	0.000341328032809	0.000341328032809	0.000341328032809	-3.40282346639e+38	-3.40282346639e+38	
-3.40282346639e+38	0.00034132803283	0.00034132803283	0.00034132803283	0.00034132803283	0.00034132803283	0.00034132803283	0.00034132803283	0.00034132803283	-3.40282346639e+38	-3.40282346639e+38	
-3.40282346639e+38	0.000341328032847	0.000341328032847	0.000341328032847	0.000341328032847	0.000341328032847	0.000341328032847	0.000341328032847	0.000341328032847	-3.40282346639e+38	-3.40282346639e+38	
-3.40282346639e+38	0.000341328032862	0.000341328032862	0.000341328032862	0.000341328032862	0.000341328032862	0.000341328032862	0.000341328032862	0.000341328032862	-3.40282346639e+38	-3.40282346639e+38	
-3.40282346639e+38	0.000341328032875	0.000341328032875	0.000341328032875	0.000341328032875	0.000341328032875	0.000341328032875	0.000341328032875	0.000341328032875	-3.40282346639e+38	-3.40282346639e+38	
-3.40282346639e+38	0.000341328032886	0.000341328032886	0.000341328032886	0.000341328032886	0.000341328032886	0.000341328032886	0.000341328032886	0.000341328032886	-3.40282346639e+38	-3.40282346639e+38	
-3.40282346639e+38	0.000341328032896	0.000341328032896	0.000341328032896	0.000341328032896	0.000341328032896	0.000341328032896	0.000341328032896	0.000341328032896	-3.40282346639e+38	-3.40282346639e+38	
-3.40282346639e+38	0.000341328032904	0.000341328032904	0.000341328032904	0.000341328032904	0.000341328032904	0.000341328032904	0.000341328032904	0.000341328032904	-3.40282346639e+38	-3.40282346639e+38	
-3.40282346639e+38	0.000341328032912	0.000341328032912	0.000341328032912	0.000341328032912	0.000341328032912	0.000341328032912	0.000341328032912	0.000341328032912	-3.40282346639e+38	-3.40282346639e+38	
-3.40282346639e+38	0.000341328032918	0.000341328032918	0.000341328032918	0.000341328032918	0.000341328032918	0.000341328032918	0.000341328032918	0.000341328032918	-3.40282346639e+38	-3.40282346639e+38	
-3.40282346639e+38	0.000341328032924	0.000341328032924	0.000341328032924	0.000341328032924	0.000341328032924	0.000341328032924	0.000341328032924	0.000341328032924	-3.40282346639e+38	-3.40282346639e+38	
-3.40282346639e+38	0.000341328032928	0.000341328032928	0.000341328032928	0.000341328032928	0.000341328032928	0.000341328032928	0.000341328032928	0.000341328032928	-3.40282346639e+38	-3.40282346639e+38	
-3.40282346639e+38	0.000341328032933	0.000341328032933	0.000341328032933	0.000341328032933	0.000341328032933	0.000341328032933	0.000341328032933	0.000341328032933	-3.40282346639e+38	-3.40282346639e+38	
-3.40282346639e+38	0.000341328032936	0.000341328032936	0.000341328032936	0.000341328032936	0.000341328032936	0.000341328032936	0.000341328032936	0.000341328032936	-3.40282346639e+38	-3.40282346639e+38	
-3.40282346639e+38	0.000341328032939	0.000341328032939	0.000341328032939	0.000341328032939	0.000341328032939	0.000341328032939	0.000341328032939	0.000341328032939	-3.40282346639e+38	-3.40282346639e+38	
-3.40282346639e+38	0.000341328032942	0.000341328032942	0.000341328032942	0.000341328032942	0.000341328032942	0.000341328032942	0.000341328032942	0.000341328032942	-3.40282346639e+38	-3.40282346639e+38	
-3.40282346639e+38	0.000341328032944	0.000341328032944	0.000341328032944	0.000341328032944	0.000341328032944	0.000341328032944	0.000341328032944	0.000341328032944	-3.40282346639e+38	-3.40282346639e+38	
-3.40282346639e+38	0.000341328032947	0.000341328032947	0.000341328032947	0.000341328032947	0.000341328032947	0.000341328032947	0.000341328032947	0.000341328032947	-3.40282346639e+38	-3.40282346639e+38	
-3.40282346639e+38	0.000341328032948	0.000341328032948	0.000341328032948	0.000341328032948	0.000341328032948	0.000341328032948	0.000341328032948	0.000341328032948	-3.40282346639e+38	-3.40282346639e+38	
-3.40282346639e+38	0.00034132803295	0.00034132803295	0.00034132803295	0.00034132803295	0.00034132803295	0.00034132803295	0.00034132803295	0.00034132803295	-3.40282346639e+38	-3.40282346639e+38	
-3.40282346639e+38	0.000341328032951	0.000341328032951	0.000341328032951	0.000341328032951	0.000341328032951	0.000341328032951	0.000341328032951	0.000341328032951	-3.40282346639e+38	-3.40282346639e+38	
-3.40282346639e+38	0.000341328032953	0.000341328032953	0.000341328032953	0.000341328032953	0.000341328032953	0.000341328032953	0.000341328032953	0.000341328032953	-3.40282346639e+38	-3.40282346639e+38	
-3.40282346639e+38	0.000341328032954	0.000341328032954	0.000341328032954	0.000341328032954	0.000341328032954	0.000341328032954	0.000341328032954	0.000341328032954	-3.40282346639e+38	-3.40282346639e+38	
-3.40282346639e+38	0.000341328032955	0.000341328032955	0.000341328032955	0.000341328032955	0.000341328032955	0.000341328032955	0.000341328032955	0.000341328032955	-3.40282346639e+38	-3.40282346639e+38	
-3.40282346639e+38	0.000341328032955	0.000341328032955	0.000341328032955	0.000341328032955	0.000341328032955	0.000341328032955	0.000341328032955	0.000341328032955	-3.40282346639e+38	-3.40282346639e+38	
-3.40282346639e+38	0.000341328032956	0.000341328032956	0.000341328032956	0.000341328032956	0.000341328032956	0.000341328032956	0.000341328032956	0.000341328032956	-3.40282346639e+38	-3.40282346639e+38	
-3.40282346639e+38	0.000341328032957	0.000341328032957	0.000341328032957	0.000341328032957	0.000341328032957	0.000341328032957	0.000341328032957	0.000341328032957	-3.40282346639e+38	-3.40282346639e+38	
-3.40282346639e+38	0.000341328032957	0.000341328032957	0.000341328032957	0.000341328032957	0.000341328032957	0.000341328032957	0.000341328032957	0.000341328032957	-3.40282346639e+38	-3.40282346639e+38	
-3.40282346639e+38	0.000341328032958	0.000341328032958	0.000341328032958	0.000341328032958	0.000341328032958	0.000341328032958	0.000341328032958	0.000341328032958	-3.40282346639e+38	-3.40282346639e+38	
-3.40282346639e+38	0.000341328032958	0.000341328032958	0.000341328032958	0.000341328032958	0.000341328032958	0.000341328032958	0.000341328032958	0.000341328032958	-3.40282346639e+38	-3.40282346639e+38	
-3.40282346639e+38	0.000341328032959	0.000341328032959	0.000341328032959	0.000341328032959	0.000341328032959	0.000341328032959	0.000341328032959	0.000341328032959	-3.40282346639e+38	-3.40282346639e+38	
-3.40282346639e+38	0.000341328032959	0.000341328032959	0.000341328032959	0.000341328032959	0.000341328032959	0.000341328032959	0.000341328032959	0.000341328032959	-3.40282346639e+38	-3.40282346639e+38	
-3.40282346639e+38	0.000341328032959	0.000341328032959	0.000341328032959	0.000341328032959	0.000341328032959	0.000341328032959	0.000341328032959	0.000341328032959	-3.40282346639e+38	-3.40282346639e+38	
-3.40282346639e+38	0.000341328032959	0.000341328032959	0.000341328032959	0.000341328032959	0.000341328032959	0.000341328032959	0.000341328032959	0.000341328032959	-3.40282346639e+38	-3.40282346639e+38	
-3.40282346639e+38	0.00034132803296	0.00034132803296	0.00034132803296	0.00034132803296	0.00034132803296	0.00034132803296	0.00034132803296	0.00034132803296	-3.40282346639e+38	-3.40282346639e+38	
-3.40282346639e+38	0.00034132803296	0.00034132803296	0.00034132803296	0.00034132803296	0.00034132803296	0.00034132803296	0.00034132803296	0.00034132803296	-3.40282346639e+38	-3.40282346639e+38	
-3.40282346639e+38	0.00034132803296	0.00034132803296	0.00034132803296	0.00034132803296	0.00034132803296	0.00034132803296	0.00034132803296	0.00034132803296	-3.40282346639e+38	-3.40282346639e+38	
-3.40282346639e+38	0.00034132803296	0.00034132803296	0.00034132803296	0.00034132803296	0.00034132803296	0.00034132803296	0.00034132803296	0.00034132803296	-3.40282346639e+38	-3.40282346639e+38	
-3.40282346639e+38	0.00034132803296	0.00034132803296	0.00034132803296	0.00034132803296	0.00034132803296	0.00034132803296	0.00034132803296	0.00034132803296	-3.40282346639e+38	-3.40282346639e+38	
-3.40282346639e+38	0.00034132803296	0.00034132803296	0.00034132803296	0.00034132803296	0.00034132803296	0.00034132803296	0.00034132803296	0.00034132803296	-3.40282346639e+38	-3.40282346639e+38	
-3.40282346639e+38	0.000341328032961	0.000341328032961	0.000341328032961	0.000341328032961	0.000341328032961	0.000341328032961	0.000341328032961	0.000341328032961	-3.40282346639e+38	-3.40282346639e+38	
-3.40282346639e+38	0.000341328032961	0.000341328032961	0.000341328032961	0.000341328032961	0.000341328032961	0.000341328032961	0.000341328032961	0.000341328032961	-3.40282346639e+38	-3.40282346639e+38	
-3.40282346639e+38	0.000341328032961	0.000341328032961	0.000341328032961	0.000341328032961	0.000341328032961	0.000341328032961	0.000341328032961	0.000341328032961	-3.40282346639e+38	-3.40282346639e+38	
-3.40282346639e+38	0.000341328032961	0.000341328032961	0.000341328032961	0.000341328032961	0.000341328032961	0.000341328032961	0.000341328032961	0.000341328032961	-3.40282346639e+38	-3.40282346639e+38	
-3.40282346639e+38	0.000341328032961	0.000341328032961	0.000341328032961	0.000341328032961	0.000341328032961	0.000341328032961	0.000341328032961	0.000341328032961	-3.40282346639e+38	-3.40282346639e+38	
-3.40282346639e+38	0.000341328032961	0.000341328032961	0.000341328032961	0.000341328032961	0.000341328032961	0.000341328032961	0.000341328032961	0.000341328032961	-3.40282346639e+38	-3.40282346639e+38	
-3.40282346639e+38	0.000341328032961	0.000341328032961	0.000341328032961	0.000341328032961	0.000341328032961	0.000341328032961	0.000341328032961	0.000341328032961	-3.40282346639e+38	-3.40282346639e+38	
-3.40282346639e+38	0.000341328032961	0.000341328032961	0.000341328032961	0.000341328032961	0.000341328032961	0.000341328032961	0.000341328032961	0.000341328032961	-3.40282346639e+38	-3.40282346639e+38	
-3.40282346639e+38	0.000341328032961	0.000341328032961	0.000341328032961	0.000341328032961	0.000341328032961	0.000341328032961	0.000341328032961	0.000341328032961	-3.40282346639e+38	-3.40282346639e+38	
-3.40282346639e+38	0.000341328032961	0.000341328032961	0.000341328032961	0.000341328032961	0.000341328032961	0.000341328032961	0.000341328032961	0.000341328032961	-3.40282346639e+38	-3.40282346639e+38	
-3.40282346639e+38	0.000341328032961	0.000341328032961	0.000341328032961	0.000341328032961	0.000341328032961	0.000341328032961	0.000341328032961	0.000341328032961	-3.40282346639e+38	-3.40282346639e+38	
-3.40282346639e+38	-3.40282346639e+38	-3.40282346639e+38	-3.40282346639e+38	-3.40282346639e+38	-3.40282346639e+38	-3.40282346639e+38	-3.40282346639e+38	-3.40282346639e+38	-3.40282346639e+38	-3.40282346639e+38	
